sgRNA	gene	lib	input	d5	d15-rep1	d15-rep2	d15-rep3	d15-rep4	d15-rep5	spleen1	spleen2	spleen3	spleen4	spleen5	bm1	bm2	bm3	bm4	bm5	men1	men2	men3	men4	men5
gRNA_2	Abl1	3604.0	7590.0	9740.0	2905.0	335.0	1953.0	897.0	47.0	2676.0	6806.0	10368.0	1771.0	5656.0	4626.0	677.0	5696.0	8075.0	9193.0	189.0	9928.0	599.0	2556.0	10.0
gRNA_85	Akt1	18935.0	11979.0	12492.0	38218.0	8043.0	20875.0	24244.0	566.0	9877.0	7621.0	17194.0	5237.0	3719.0	2558.0	10021.0	14030.0	13184.0	6526.0	785.0	3639.0	2569.0	3401.0	3093.0
gRNA_871	Arid2	44200.0	24893.0	26740.0	159395.0	14552.0	17922.0	24984.0	1288.0	27594.0	20444.0	21296.0	5506.0	15937.0	26270.0	2220.0	8740.0	12995.0	5394.0	112814.0	38552.0	81248.0	2512.0	18412.0
gRNA_895	Arid5b	4691.0	6452.0	8321.0	28166.0	4822.0	7193.0	5613.0	63.0	2562.0	3899.0	5403.0	2446.0	11545.0	1068.0	2299.0	62.0	341.0	1546.0	752.0	255.0	8469.0	6497.0	97730.0
gRNA_896	Arid5b	15547.0	13045.0	15106.0	90114.0	4516.0	21661.0	8079.0	252.0	9388.0	13387.0	21163.0	3873.0	4562.0	5088.0	24335.0	6931.0	25028.0	3867.0	481.0	40145.0	4544.0	1352.0	6775.0
gRNA_1000	Atm	30900.0	19495.0	26819.0	105631.0	9306.0	11465.0	11615.0	325.0	17686.0	40211.0	16728.0	10531.0	17028.0	8446.0	27275.0	8604.0	22955.0	18973.0	720.0	6159.0	10291.0	3885.0	925173.0
gRNA_1036	Atm	8259.0	6556.0	8470.0	49440.0	7127.0	16825.0	10650.0	660.0	3095.0	5864.0	4791.0	1150.0	3625.0	449.0	1789.0	150.0	527.0	358.0	207.0	474.0	275.0	3204.0	1102.0
gRNA_1149	Atrx	11727.0	8726.0	10240.0	27445.0	3674.0	2017.0	7600.0	93.0	8781.0	4168.0	3267.0	2166.0	3217.0	9434.0	17410.0	38.0	4920.0	1121.0	279.0	1324.0	747.0	248.0	5.0
gRNA_1322	Bap1	22857.0	15835.0	17097.0	67048.0	4387.0	13888.0	16187.0	351.0	6930.0	16937.0	25674.0	7802.0	9255.0	16704.0	77810.0	10486.0	15986.0	10651.0	5086.0	3054.0	102562.0	10349.0	4485.0
gRNA_1337	Bap1	23104.0	21250.0	25483.0	91978.0	11139.0	7374.0	25041.0	450.0	17815.0	17594.0	25891.0	8002.0	11985.0	27233.0	2090.0	3428.0	17048.0	9916.0	879.0	32150.0	22828.0	633.0	25806.0
gRNA_1343	Bap1	17790.0	8689.0	13966.0	44263.0	3669.0	13737.0	6688.0	382.0	3442.0	10701.0	12221.0	5144.0	1316.0	10167.0	1498.0	6271.0	12930.0	4930.0	954.0	10549.0	666.0	2919.0	2168.0
gRNA_1376	Bcl2	14635.0	13687.0	13012.0	63200.0	5115.0	4079.0	5666.0	80.0	14037.0	7576.0	8105.0	2802.0	3894.0	13403.0	16282.0	4142.0	6064.0	6440.0	4436.0	3941.0	3187.0	410.0	129152.0
gRNA_1381	Bcl2	19694.0	11015.0	13278.0	107688.0	8796.0	6269.0	17474.0	618.0	4312.0	9086.0	4653.0	2779.0	2828.0	10217.0	6325.0	1805.0	13633.0	2882.0	192.0	1787.0	817.0	1950.0	9816.0
gRNA_1382	Bcl2	15363.0	6530.0	9550.0	126200.0	19906.0	9462.0	10501.0	128.0	6789.0	8734.0	7873.0	3395.0	6469.0	4695.0	667.0	653.0	20503.0	9439.0	1808.0	1232.0	15924.0	14765.0	1247.0
gRNA_1383	Bcl2	19917.0	15631.0	15141.0	97971.0	19626.0	8160.0	15722.0	199.0	18811.0	11093.0	7017.0	6347.0	3209.0	10774.0	2367.0	2252.0	9031.0	11735.0	51.0	21151.0	10147.0	9849.0	28283.0
gRNA_1551	Braf	34568.0	44973.0	46922.0	241565.0	13372.0	35750.0	31454.0	665.0	18145.0	35566.0	60950.0	14508.0	17783.0	16274.0	4510.0	13911.0	40665.0	19879.0	15473.0	24035.0	16233.0	23927.0	140906.0
gRNA_1726	Card11	11924.0	11609.0	16320.0	33020.0	3690.0	9065.0	12419.0	351.0	5386.0	22953.0	11506.0	4129.0	5929.0	3379.0	7445.0	2445.0	6749.0	2998.0	221.0	14526.0	12029.0	287.0	39582.0
gRNA_1977	Cd79a	15610.0	9383.0	10002.0	44702.0	8118.0	10233.0	6562.0	246.0	3038.0	8286.0	3756.0	3598.0	2764.0	14702.0	1208.0	1122.0	2219.0	6954.0	3493.0	1504.0	10483.0	3513.0	12810.0
gRNA_2134	Chek2	13882.0	15672.0	19518.0	62498.0	3415.0	4805.0	9495.0	110.0	8881.0	14877.0	18554.0	6450.0	11381.0	9986.0	1968.0	3155.0	18113.0	10473.0	726.0	6864.0	7105.0	1660.0	8401.0
gRNA_2265	Crebbp	20219.0	13061.0	18763.0	118605.0	14029.0	7979.0	19867.0	310.0	5641.0	19747.0	16335.0	9104.0	5825.0	10893.0	1716.0	2660.0	23216.0	16067.0	2627.0	4372.0	5643.0	7592.0	181039.0
gRNA_2385	Csf3r	38230.0	30584.0	37397.0	168499.0	10676.0	38942.0	22477.0	582.0	46972.0	34118.0	44276.0	8712.0	10152.0	69025.0	3034.0	10153.0	14723.0	21976.0	29313.0	22793.0	31744.0	2252.0	24042.0
gRNA_2401	Ctcf	17580.0	11953.0	15727.0	85680.0	8387.0	15817.0	21925.0	221.0	14366.0	6206.0	6564.0	1867.0	1444.0	9232.0	1294.0	874.0	9826.0	4197.0	1106.0	2107.0	2872.0	570.0	13.0
gRNA_2474	Ctnnb1	11782.0	7621.0	11147.0	48162.0	3348.0	3098.0	12308.0	163.0	6275.0	4145.0	3394.0	2414.0	1874.0	4758.0	849.0	8159.0	9161.0	1270.0	1434.0	647.0	62753.0	17033.0	85079.0
gRNA_2569	Daxx	16751.0	10136.0	15351.0	78126.0	10882.0	8287.0	21451.0	215.0	10452.0	14988.0	8517.0	3960.0	4511.0	5200.0	21479.0	756.0	5173.0	757.0	1170.0	15184.0	2121.0	9628.0	16233.0
gRNA_2658	Dis3	21341.0	16597.0	19291.0	137245.0	8439.0	13411.0	20054.0	407.0	15268.0	10754.0	20519.0	5779.0	5961.0	33991.0	1683.0	3786.0	15250.0	5447.0	474.0	1311.0	3320.0	14673.0	9721.0
gRNA_2703	Dnmt3a	14759.0	14273.0	15613.0	73456.0	8236.0	8935.0	23024.0	603.0	8104.0	5011.0	9800.0	3543.0	8791.0	4794.0	3952.0	469.0	4874.0	12693.0	37454.0	2438.0	3758.0	33506.0	66956.0
gRNA_2747	Dnmt3a	15078.0	10957.0	13495.0	45005.0	6762.0	12391.0	9961.0	108.0	8047.0	10816.0	9494.0	5534.0	2148.0	20784.0	6766.0	2834.0	13316.0	8169.0	503.0	14733.0	4780.0	2084.0	8529.0
gRNA_2775	Dnmt3a	21895.0	13634.0	19172.0	54194.0	13432.0	16946.0	13998.0	354.0	14287.0	10323.0	9653.0	6208.0	2158.0	19298.0	4154.0	5963.0	15206.0	5269.0	389.0	1180.0	14362.0	4852.0	15339.0
gRNA_2810	Dnmt3a	24191.0	14674.0	16568.0	89606.0	21819.0	12535.0	26285.0	229.0	14627.0	21924.0	16838.0	6215.0	6757.0	8280.0	26394.0	5009.0	12954.0	10760.0	2282.0	3610.0	16649.0	53978.0	7236.0
gRNA_3011	Egfr	26205.0	23572.0	26581.0	114834.0	12110.0	19635.0	29509.0	548.0	20665.0	23957.0	28182.0	12073.0	20071.0	13251.0	13987.0	7334.0	16742.0	17763.0	37655.0	6262.0	14486.0	231726.0	10465.0
gRNA_3012	Egfr	16179.0	15947.0	18143.0	40641.0	1818.0	12913.0	8801.0	216.0	5288.0	11176.0	12390.0	5672.0	9201.0	13245.0	4412.0	3991.0	11752.0	4613.0	822.0	2866.0	2691.0	26327.0	24785.0
gRNA_3031	Eif1ad19	25831.0	18011.0	16794.0	67935.0	4024.0	14690.0	7540.0	431.0	10676.0	21318.0	35184.0	4387.0	6368.0	9006.0	71024.0	4982.0	5269.0	13107.0	54990.0	2608.0	2488.0	1322.0	922.0
gRNA_3084	Ep300	5923.0	4674.0	6754.0	25433.0	1699.0	2398.0	2883.0	162.0	1861.0	5508.0	8161.0	3034.0	1327.0	5222.0	949.0	620.0	3932.0	465.0	277.0	75.0	771.0	2060.0	2342.0
gRNA_3086	Ep300	10932.0	9184.0	11522.0	86858.0	5872.0	11875.0	8794.0	317.0	11561.0	8762.0	14553.0	2715.0	1915.0	31313.0	1114.0	4825.0	15682.0	6590.0	73.0	3037.0	4909.0	8734.0	3589.0
gRNA_3107	Ep300	15194.0	9568.0	14209.0	45135.0	2565.0	14299.0	9776.0	174.0	5601.0	9643.0	7213.0	5604.0	3001.0	18649.0	905.0	2664.0	6042.0	4365.0	1517.0	10767.0	7791.0	1574.0	23031.0
gRNA_3522	Erbb3	20924.0	8649.0	12672.0	115595.0	10073.0	7781.0	12410.0	229.0	14140.0	10511.0	18304.0	3575.0	10073.0	7283.0	5498.0	10788.0	47068.0	8278.0	3074.0	11651.0	15470.0	8051.0	204725.0
gRNA_3523	Erbb3	15133.0	12891.0	12815.0	49725.0	3451.0	5867.0	7450.0	206.0	10528.0	13397.0	10323.0	4747.0	5229.0	12191.0	5247.0	5999.0	5904.0	3275.0	2499.0	3707.0	2031.0	1171.0	32226.0
gRNA_3524	Erbb3	18729.0	19409.0	21744.0	75412.0	8956.0	13232.0	15807.0	302.0	8286.0	20897.0	19519.0	6253.0	11585.0	13476.0	2381.0	3119.0	13538.0	6446.0	4594.0	12239.0	7741.0	19151.0	7992.0
gRNA_3525	Erbb3	16402.0	14120.0	20651.0	59954.0	4141.0	4067.0	5421.0	232.0	9067.0	10343.0	14263.0	5542.0	6704.0	13799.0	1189.0	4390.0	2275.0	10335.0	15086.0	12500.0	9116.0	9274.0	17445.0
gRNA_3570	Erbb3	26907.0	20828.0	23383.0	125986.0	7945.0	15249.0	19845.0	504.0	13396.0	29334.0	28138.0	9562.0	10107.0	10952.0	23753.0	10722.0	4736.0	6972.0	72600.0	10477.0	11796.0	13264.0	7034.0
gRNA_3579	Erbb3	10075.0	8422.0	9666.0	33060.0	5726.0	1162.0	12656.0	326.0	8684.0	4406.0	6896.0	1637.0	1079.0	4984.0	206.0	1431.0	3869.0	963.0	34735.0	126.0	1024.0	1268.0	2589.0
gRNA_3580	Erbb3	17984.0	12294.0	15958.0	54405.0	5516.0	7458.0	10070.0	285.0	18182.0	13084.0	21472.0	5703.0	9488.0	10560.0	1251.0	5250.0	13265.0	5220.0	798.0	10751.0	2626.0	2036.0	8899.0
gRNA_3677	Ercc2	47268.0	38019.0	49359.0	205297.0	22377.0	28956.0	37601.0	644.0	52149.0	36050.0	58586.0	17966.0	37826.0	68755.0	15991.0	13615.0	37239.0	17370.0	18994.0	27655.0	100723.0	22169.0	35242.0
gRNA_3686	Ercc2	19462.0	18156.0	21272.0	109481.0	8085.0	13941.0	15506.0	394.0	22141.0	22075.0	27136.0	5851.0	26785.0	38588.0	122728.0	3492.0	10553.0	10268.0	2920.0	5128.0	192305.0	10564.0	1960.0
gRNA_3698	Ercc2	37379.0	32198.0	37949.0	155930.0	14130.0	33507.0	23705.0	458.0	29570.0	43490.0	56509.0	14020.0	13612.0	14441.0	19502.0	11587.0	28834.0	9894.0	96202.0	35313.0	35783.0	4517.0	20351.0
gRNA_3703	Ercc2	21048.0	10527.0	11229.0	29471.0	5579.0	7438.0	13295.0	284.0	13420.0	6285.0	22272.0	3430.0	5330.0	31522.0	1925.0	3424.0	7868.0	4217.0	91830.0	3366.0	2080.0	21346.0	557130.0
gRNA_3905	Etv6	15474.0	14212.0	15655.0	55862.0	6162.0	16894.0	11192.0	340.0	16771.0	21129.0	13990.0	3755.0	5547.0	13862.0	1660.0	387.0	13190.0	13801.0	821.0	1916.0	853.0	25211.0	2483.0
gRNA_3906	Etv6	7784.0	6408.0	7536.0	8536.0	2280.0	943.0	3297.0	75.0	790.0	3208.0	3350.0	1548.0	3267.0	1858.0	3251.0	206.0	3397.0	600.0	1372.0	5282.0	235.0	147.0	210206.0
gRNA_3909	Etv6	26147.0	17124.0	19149.0	78543.0	6151.0	36622.0	18573.0	443.0	11115.0	13469.0	17775.0	8486.0	16701.0	16229.0	27927.0	3130.0	10875.0	8559.0	905.0	11633.0	12347.0	4614.0	8849.0
gRNA_4033	Fat1	33074.0	25632.0	23505.0	142819.0	16169.0	12194.0	27057.0	678.0	43438.0	21749.0	17238.0	8668.0	22079.0	27320.0	24792.0	19245.0	11454.0	15613.0	12116.0	6079.0	47821.0	4485.0	69553.0
gRNA_4195	Fgf4	61290.0	42384.0	44802.0	352710.0	34558.0	27177.0	84424.0	888.0	54343.0	40319.0	39007.0	22352.0	16543.0	36180.0	12097.0	7692.0	41908.0	13401.0	235436.0	8726.0	49748.0	10994.0	5949.0
gRNA_4440	Flt3	34580.0	20067.0	23264.0	123804.0	18434.0	16056.0	26360.0	758.0	42881.0	29451.0	38013.0	7217.0	8777.0	49019.0	41581.0	3716.0	20751.0	14233.0	9248.0	13951.0	24769.0	4421.0	4134.0
gRNA_4461	Flt3	12618.0	11598.0	14678.0	59481.0	13785.0	5209.0	5646.0	219.0	7766.0	3852.0	6981.0	3129.0	5813.0	3307.0	704.0	1634.0	6180.0	6355.0	16515.0	909.0	2596.0	2025.0	17725.0
gRNA_4577	Foxa1	19979.0	9108.0	13763.0	65791.0	6653.0	11492.0	10911.0	227.0	19428.0	12601.0	13882.0	3543.0	5465.0	14099.0	2387.0	6355.0	9643.0	3443.0	11397.0	4045.0	5167.0	42307.0	1440.0
gRNA_4578	Foxa1	10818.0	6237.0	8111.0	52430.0	2504.0	3448.0	6925.0	65.0	2436.0	4887.0	4423.0	2600.0	4017.0	3886.0	30553.0	1255.0	127.0	2334.0	213.0	21637.0	23084.0	1037.0	1794.0
gRNA_4621	Foxo1	6263.0	4186.0	3156.0	7750.0	1393.0	2653.0	3427.0	50.0	4245.0	2188.0	3896.0	2401.0	790.0	6051.0	134.0	2220.0	2852.0	433.0	208.0	788.0	232.0	1.0	694.0
gRNA_4628	Foxo1	15811.0	8409.0	10670.0	66782.0	2593.0	3648.0	8065.0	89.0	4520.0	9401.0	6767.0	2579.0	7199.0	3166.0	291.0	325.0	4031.0	2734.0	2613.0	952.0	5260.0	257.0	1055.0
gRNA_4735	Gata2	24340.0	16733.0	17376.0	104459.0	10143.0	14609.0	26824.0	234.0	11002.0	15068.0	19951.0	6421.0	11872.0	20166.0	13694.0	2875.0	22884.0	8301.0	6095.0	926.0	3152.0	599.0	39345.0
gRNA_4770	Gata3	21303.0	14379.0	15152.0	112243.0	7958.0	10357.0	6577.0	337.0	5025.0	8005.0	12012.0	5480.0	6952.0	4136.0	931.0	4563.0	17509.0	6804.0	515.0	3243.0	17455.0	20637.0	625.0
gRNA_4782	Gata3	13260.0	8145.0	10574.0	48373.0	2917.0	18457.0	5227.0	118.0	7092.0	10730.0	14268.0	2923.0	5544.0	13704.0	673.0	1148.0	10401.0	5828.0	2185.0	22407.0	7249.0	1356.0	24686.0
gRNA_4829	Gli1	27584.0	18881.0	20557.0	130716.0	46985.0	7131.0	23462.0	426.0	12896.0	20639.0	20712.0	4263.0	9013.0	6292.0	73831.0	2095.0	12661.0	11244.0	603.0	910.0	6729.0	14540.0	28693.0
gRNA_4888	Gnas	6425.0	4862.0	7907.0	41249.0	3324.0	10779.0	18783.0	187.0	5728.0	5081.0	3418.0	409.0	20.0	68154.0	56255.0	3527.0	2214.0	2636.0	213.0	3225.0	1360.0	6884.0	1.0
gRNA_5194	Idh2	30694.0	15431.0	16674.0	98664.0	15430.0	6391.0	16269.0	68.0	10835.0	21234.0	18927.0	7450.0	9666.0	9588.0	1515.0	2027.0	37509.0	11801.0	7980.0	10523.0	3441.0	1348.0	3806.0
gRNA_5228	Igf1r	12005.0	11832.0	16538.0	59898.0	4245.0	6119.0	10859.0	377.0	15439.0	16666.0	11093.0	6828.0	8673.0	39651.0	4421.0	5284.0	2575.0	21407.0	38316.0	2889.0	5102.0	4502.0	68581.0
gRNA_5236	Igf1r	22417.0	12003.0	17062.0	62818.0	9069.0	8966.0	16178.0	342.0	9361.0	13575.0	17012.0	9230.0	6653.0	22559.0	36802.0	3710.0	13909.0	5086.0	1981.0	5391.0	7853.0	4374.0	6599.0
gRNA_5373	Inha	39064.0	19568.0	20750.0	90055.0	5639.0	12531.0	16211.0	223.0	14209.0	23502.0	33792.0	8504.0	5485.0	19353.0	2729.0	6174.0	9902.0	15985.0	143861.0	17449.0	7695.0	20696.0	16378.0
gRNA_5374	Inha	10777.0	7344.0	10982.0	26891.0	6497.0	2296.0	9744.0	168.0	577.0	7040.0	9342.0	2529.0	4760.0	2668.0	940.0	2694.0	1945.0	2228.0	94.0	59.0	958.0	1566.0	6702.0
gRNA_5501	Inppl1	22353.0	12190.0	18125.0	43994.0	11993.0	5920.0	16111.0	309.0	8391.0	12745.0	6144.0	4891.0	6177.0	3008.0	1200.0	4180.0	14641.0	3342.0	148.0	2672.0	7650.0	628.0	82105.0
gRNA_5621	Irf8	24588.0	12198.0	16338.0	56970.0	8325.0	21664.0	15485.0	236.0	6545.0	8692.0	10208.0	4648.0	7056.0	13016.0	2921.0	10764.0	11057.0	1403.0	5587.0	734.0	945.0	6078.0	1945.0
gRNA_5624	Irs1	27800.0	15976.0	19931.0	110383.0	16424.0	10706.0	15821.0	621.0	56023.0	14721.0	18525.0	5705.0	14218.0	6249.0	15085.0	1282.0	11293.0	9826.0	1051.0	2976.0	4476.0	1717.0	50131.0
gRNA_5625	Irs1	19133.0	14739.0	14236.0	110533.0	6714.0	4083.0	12982.0	281.0	17610.0	14530.0	21258.0	8121.0	4054.0	9166.0	1706.0	7330.0	11336.0	4895.0	14267.0	2781.0	4032.0	2946.0	4792.0
gRNA_5740	Jak1	21302.0	27456.0	33786.0	132617.0	6383.0	15306.0	21733.0	513.0	25991.0	25597.0	22821.0	8529.0	16589.0	13824.0	2401.0	2757.0	20758.0	9913.0	3412.0	6190.0	18008.0	10033.0	6888.0
gRNA_6080	Keap1	17547.0	10785.0	16436.0	68917.0	8714.0	16177.0	6739.0	143.0	5928.0	12036.0	9652.0	4467.0	7731.0	13616.0	1852.0	2534.0	17545.0	5345.0	1826.0	3158.0	5861.0	5205.0	1467.0
gRNA_6081	Keap1	15880.0	9775.0	8991.0	62957.0	23086.0	12703.0	15764.0	129.0	7037.0	9205.0	6094.0	2766.0	5818.0	5465.0	1993.0	1537.0	4617.0	6829.0	2981.0	727.0	39578.0	7308.0	6360.0
gRNA_6087	Keap1	20977.0	10804.0	12218.0	62768.0	4579.0	19786.0	24592.0	172.0	3439.0	4116.0	10014.0	5451.0	9191.0	6187.0	4222.0	2406.0	9496.0	27657.0	359.0	658.0	3307.0	1319.0	1760.0
gRNA_6111	Kit	23120.0	18418.0	23791.0	115890.0	11064.0	24565.0	25303.0	762.0	23646.0	25322.0	21229.0	8158.0	7665.0	34581.0	2165.0	1630.0	17689.0	14219.0	8230.0	1933.0	34261.0	11447.0	5736.0
gRNA_6125	Kit	8308.0	4259.0	6642.0	24621.0	1898.0	8775.0	2304.0	73.0	9138.0	6594.0	8537.0	2146.0	3528.0	902.0	1792.0	1420.0	4678.0	216.0	222.0	180.0	8145.0	517.0	6263.0
gRNA_6472	Kmt2d	9997.0	6356.0	8117.0	36775.0	5687.0	5844.0	5634.0	56.0	3921.0	6896.0	1690.0	3365.0	1457.0	2294.0	501.0	463.0	2669.0	1404.0	32.0	732.0	2174.0	3359.0	7747.0
gRNA_6480	Kmt2d	8612.0	8343.0	7786.0	37362.0	4737.0	5082.0	11162.0	274.0	6871.0	3164.0	3989.0	1400.0	133.0	2219.0	276.0	111.0	8949.0	1558.0	3.0	9491.0	584.0	1975.0	18031.0
gRNA_6629	Kmt2d	11795.0	8941.0	10247.0	64322.0	11984.0	10727.0	15597.0	196.0	5374.0	7666.0	8580.0	3773.0	3033.0	5034.0	323.0	736.0	13705.0	629.0	858.0	6361.0	782.0	87.0	2029.0
gRNA_6712	Kras	23047.0	16744.0	25757.0	106524.0	15139.0	22440.0	31280.0	437.0	14476.0	17646.0	12114.0	6044.0	10679.0	34191.0	77363.0	3391.0	25687.0	10165.0	32037.0	4449.0	14799.0	5647.0	22192.0
gRNA_6743	Lats1	22722.0	20475.0	25489.0	102994.0	20258.0	21472.0	29605.0	790.0	16629.0	19003.0	21670.0	8899.0	21373.0	31141.0	2575.0	1665.0	23778.0	28449.0	11271.0	22155.0	3585.0	4287.0	1886.0
gRNA_6745	Lats1	26353.0	16461.0	21809.0	94938.0	6043.0	21320.0	20910.0	358.0	31287.0	18951.0	39038.0	9795.0	14477.0	23005.0	35058.0	12583.0	43451.0	12593.0	72379.0	6947.0	17791.0	14746.0	4269.0
gRNA_6781	Lck	21082.0	15003.0	16289.0	76962.0	9281.0	11346.0	7077.0	493.0	12612.0	10803.0	15735.0	5198.0	7574.0	14470.0	1927.0	1727.0	17359.0	4819.0	1078.0	3133.0	8827.0	1604.0	1154.0
gRNA_6782	Lck	6669.0	5338.0	6718.0	17584.0	1891.0	8991.0	4114.0	152.0	1157.0	5922.0	3474.0	1130.0	3825.0	365.0	178.0	55.0	1782.0	2532.0	13.0	426.0	2803.0	385.0	127.0
gRNA_6797	Lyn	20829.0	15670.0	20044.0	79695.0	10702.0	13935.0	22495.0	377.0	12342.0	15335.0	18664.0	4362.0	4468.0	16059.0	7736.0	3213.0	12431.0	6780.0	127.0	15505.0	18152.0	9785.0	22551.0
gRNA_6833	Map2k1	13901.0	9423.0	15605.0	99868.0	6794.0	5774.0	15059.0	535.0	7003.0	15476.0	11603.0	6597.0	3213.0	2525.0	9236.0	2762.0	7848.0	8202.0	5075.0	15285.0	2702.0	999.0	3816.0
gRNA_6834	Map2k1	13467.0	6837.0	8608.0	36004.0	5777.0	3546.0	9538.0	208.0	15635.0	10642.0	7787.0	1318.0	4088.0	8255.0	1066.0	6209.0	3791.0	11975.0	387.0	33159.0	1039.0	719.0	2687.0
gRNA_6835	Map2k1	24576.0	14035.0	13493.0	71985.0	8846.0	5696.0	17208.0	177.0	4799.0	5021.0	12747.0	5260.0	4784.0	8440.0	109297.0	1169.0	11506.0	3455.0	6476.0	1597.0	15642.0	833.0	25351.0
gRNA_6842	Map2k1	18024.0	14125.0	15504.0	71601.0	5340.0	11011.0	9667.0	349.0	6191.0	11462.0	15350.0	4366.0	4438.0	8510.0	1993.0	3673.0	19344.0	5987.0	71517.0	1154.0	18372.0	5320.0	1081.0
gRNA_6849	Map2k2	46893.0	45760.0	49565.0	191841.0	23046.0	26960.0	36976.0	470.0	30981.0	32076.0	64291.0	12039.0	12061.0	66560.0	93494.0	6788.0	25311.0	9125.0	1657.0	11275.0	69524.0	25678.0	85440.0
gRNA_7393	Mtor	30187.0	21571.0	24998.0	102503.0	10625.0	14511.0	27685.0	757.0	9462.0	13113.0	22144.0	10490.0	10496.0	9111.0	2974.0	5157.0	15659.0	9337.0	2603.0	2264.0	16868.0	19068.0	85807.0
gRNA_7429	Mtor	12140.0	8304.0	10103.0	51712.0	4419.0	4585.0	3647.0	243.0	7241.0	8744.0	11098.0	4891.0	5279.0	21499.0	676.0	7970.0	11663.0	5305.0	30005.0	1728.0	26354.0	1599.0	2596.0
gRNA_7481	Myc	21199.0	6695.0	7941.0	33332.0	3635.0	6145.0	4896.0	94.0	2058.0	4354.0	8212.0	2196.0	2378.0	5454.0	1249.0	46.0	7870.0	3960.0	400.0	2715.0	748.0	1541.0	3637.0
gRNA_7510	Myd88	19115.0	22879.0	24095.0	71113.0	3767.0	33715.0	15175.0	333.0	39140.0	20193.0	52423.0	7780.0	12710.0	39507.0	1848.0	20648.0	9020.0	12744.0	1680.0	8544.0	79652.0	5156.0	8745.0
gRNA_7511	Myd88	15212.0	6110.0	8830.0	31694.0	3058.0	2055.0	9216.0	242.0	7594.0	9635.0	14571.0	4507.0	3748.0	5271.0	3061.0	3515.0	11681.0	2241.0	1422.0	15002.0	4547.0	1176.0	10674.0
gRNA_7512	Myd88	31492.0	17671.0	19069.0	182628.0	31378.0	10322.0	22170.0	405.0	15383.0	13134.0	15041.0	3495.0	14395.0	7611.0	39636.0	1376.0	19678.0	2737.0	1541.0	21758.0	19565.0	15626.0	32171.0
gRNA_7513	Myd88	27986.0	14859.0	19481.0	70190.0	12233.0	12643.0	21082.0	334.0	11021.0	21715.0	13006.0	4796.0	4371.0	5667.0	6551.0	7965.0	3486.0	9872.0	159685.0	17330.0	3991.0	900.0	11461.0
gRNA_7514	Myd88	23305.0	9647.0	12576.0	55042.0	7091.0	7466.0	16310.0	600.0	10652.0	9921.0	4780.0	3810.0	2756.0	6829.0	1297.0	3564.0	2848.0	6317.0	505.0	4141.0	5787.0	3338.0	4278.0
gRNA_7558	Ncoa3	22428.0	13189.0	19008.0	116742.0	14971.0	14390.0	16188.0	428.0	11478.0	14662.0	6462.0	5332.0	10201.0	7990.0	1640.0	3075.0	17381.0	3719.0	216139.0	10008.0	963.0	1277.0	6448.0
gRNA_7812	Nfe2	18476.0	8128.0	9498.0	21122.0	5734.0	6921.0	9476.0	128.0	21344.0	5826.0	4305.0	1918.0	3109.0	5420.0	1015.0	3338.0	4946.0	5292.0	5459.0	370.0	479.0	803.0	748.0
gRNA_7813	Nfe2	26718.0	15766.0	17936.0	100494.0	17309.0	11452.0	17449.0	309.0	11219.0	13214.0	6941.0	4627.0	4278.0	15218.0	1647.0	2962.0	7932.0	3273.0	3312.0	7494.0	24944.0	4907.0	124035.0
gRNA_7816	Nfe2l2	29305.0	34803.0	39603.0	203553.0	22333.0	67675.0	38257.0	770.0	32298.0	34155.0	41585.0	9320.0	12634.0	47182.0	72560.0	2414.0	22566.0	7862.0	9323.0	10543.0	40571.0	22613.0	35290.0
gRNA_7839	Nkx2-1	21508.0	12935.0	12295.0	48145.0	3337.0	4701.0	9113.0	148.0	15135.0	9371.0	16893.0	7339.0	12737.0	5953.0	3889.0	2582.0	46327.0	10112.0	3175.0	3661.0	8331.0	2803.0	8378.0
gRNA_7843	Nkx2-1	12792.0	6142.0	6545.0	61029.0	5245.0	3237.0	9594.0	538.0	2837.0	4727.0	7084.0	1851.0	434.0	1969.0	603.0	3261.0	1770.0	207.0	212.0	1600.0	3476.0	428.0	161.0
gRNA_7902	Notch1	26950.0	15461.0	14890.0	128925.0	18167.0	21125.0	21960.0	336.0	10757.0	14073.0	8806.0	4427.0	5816.0	5708.0	7900.0	1495.0	4688.0	16441.0	22468.0	6075.0	9372.0	2784.0	4998.0
gRNA_7918	Notch1	34604.0	34782.0	37304.0	264978.0	18753.0	47447.0	37203.0	359.0	51582.0	32538.0	39103.0	11144.0	25807.0	19222.0	43057.0	3487.0	22194.0	23783.0	8802.0	14699.0	4948.0	9261.0	98745.0
gRNA_8228	Nsd1	37620.0	25608.0	35330.0	107258.0	16648.0	17523.0	47774.0	360.0	16343.0	27635.0	29001.0	15778.0	12671.0	27666.0	52131.0	8743.0	18118.0	4082.0	11798.0	20097.0	7530.0	2272.0	250181.0
gRNA_8699	Phf6	16577.0	26197.0	28516.0	89093.0	8227.0	16495.0	16645.0	239.0	15438.0	24938.0	34847.0	7979.0	16698.0	15424.0	8356.0	2118.0	24866.0	19786.0	614.0	22331.0	85628.0	4118.0	5624.0
gRNA_8775	Pik3ca	26193.0	35089.0	42643.0	139964.0	8888.0	22205.0	25367.0	643.0	19500.0	27091.0	46319.0	14485.0	18599.0	16061.0	3035.0	2803.0	30548.0	5413.0	1619.0	41513.0	155851.0	29209.0	24659.0
gRNA_8803	Pik3ca	23378.0	31034.0	40723.0	149257.0	19943.0	40538.0	34691.0	670.0	25752.0	34754.0	38110.0	15164.0	24695.0	14945.0	4585.0	2248.0	17972.0	25988.0	5035.0	65438.0	36756.0	8323.0	66584.0
gRNA_8867	Pik3ca	13541.0	16520.0	19109.0	56243.0	2607.0	8495.0	9654.0	517.0	20374.0	18471.0	13486.0	7361.0	5948.0	9173.0	5067.0	658.0	23375.0	10932.0	623.0	16497.0	1291.0	10142.0	14146.0
gRNA_8999	Pik3cg	14680.0	10792.0	11303.0	50576.0	4567.0	6688.0	10225.0	172.0	3904.0	5579.0	5759.0	3388.0	2075.0	5504.0	449.0	1102.0	3421.0	4512.0	178.0	205.0	2080.0	4012.0	73992.0
gRNA_9105	Pik3r2	42923.0	27136.0	26556.0	155481.0	15284.0	24665.0	26523.0	615.0	31753.0	18917.0	43269.0	10779.0	13888.0	5935.0	13615.0	5524.0	36449.0	6441.0	1609.0	9818.0	6711.0	24975.0	7100.0
gRNA_9114	Pik3r3	15332.0	8531.0	11758.0	43613.0	7313.0	15496.0	10495.0	177.0	3709.0	7574.0	4942.0	2478.0	3690.0	7865.0	12724.0	794.0	7276.0	2090.0	341.0	426.0	7587.0	658.0	9.0
gRNA_9115	Pik3r3	11513.0	6588.0	9796.0	74401.0	9733.0	6187.0	21665.0	478.0	2176.0	6831.0	7647.0	2914.0	2626.0	2254.0	559.0	2641.0	8575.0	186.0	627.0	1000.0	2087.0	7067.0	688.0
gRNA_9745	Ptpn11	23069.0	21229.0	23016.0	62605.0	4202.0	15224.0	12435.0	277.0	19169.0	23022.0	14209.0	7559.0	16116.0	15087.0	113971.0	4073.0	19176.0	11847.0	102606.0	8141.0	52880.0	7693.0	6343.0
gRNA_10049	Ptprt	33330.0	22546.0	26881.0	119567.0	14756.0	18214.0	27529.0	295.0	5011.0	16782.0	28300.0	9540.0	19102.0	7940.0	37424.0	7764.0	34379.0	13369.0	20208.0	4906.0	51864.0	22385.0	8877.0
gRNA_10106	Ptprt	15037.0	10348.0	11929.0	70133.0	11364.0	3147.0	14670.0	749.0	5661.0	8841.0	14060.0	7037.0	5779.0	7313.0	13408.0	2947.0	9334.0	8023.0	1470.0	2513.0	11375.0	2828.0	7293.0
gRNA_10107	Ptprt	17295.0	13370.0	15812.0	90380.0	8913.0	21831.0	21513.0	165.0	7665.0	12258.0	8674.0	5367.0	14898.0	4880.0	1221.0	973.0	11425.0	12112.0	455.0	6720.0	3063.0	2854.0	15040.0
gRNA_10342	Raf1	15693.0	13852.0	14558.0	58259.0	21122.0	2965.0	13495.0	274.0	9251.0	19649.0	15688.0	4602.0	8971.0	24005.0	10749.0	6451.0	13353.0	562.0	1225.0	6244.0	8730.0	1983.0	41679.0
gRNA_10343	Raf1	40211.0	24309.0	27761.0	136282.0	13275.0	7303.0	13135.0	532.0	8441.0	23125.0	13904.0	7619.0	8537.0	9626.0	3100.0	4357.0	14249.0	31544.0	9820.0	19651.0	5744.0	49372.0	21179.0
gRNA_10363	Rara	21926.0	9741.0	12533.0	65491.0	4251.0	6004.0	11289.0	209.0	9080.0	5842.0	7858.0	3082.0	6444.0	21788.0	4903.0	385.0	8054.0	3228.0	772.0	2341.0	61517.0	1778.0	543.0
gRNA_10504	Rbm10	24470.0	14094.0	15756.0	123206.0	26824.0	14552.0	16249.0	777.0	7530.0	10539.0	12913.0	4284.0	3514.0	3818.0	64082.0	652.0	24683.0	2389.0	242.0	4461.0	9740.0	4341.0	3056.0
gRNA_10547	Rbm10	15762.0	11905.0	15386.0	50813.0	3631.0	3837.0	14231.0	68.0	12364.0	13153.0	22294.0	4067.0	5721.0	2380.0	1504.0	2220.0	17955.0	5225.0	4196.0	2167.0	12211.0	192.0	8314.0
gRNA_10548	Rbm10	16456.0	12179.0	10573.0	33149.0	4478.0	4543.0	11099.0	173.0	3939.0	5744.0	9950.0	1982.0	12979.0	1981.0	576.0	2210.0	949.0	4790.0	51184.0	2783.0	426.0	160.0	1238.0
gRNA_10596	Ret	12422.0	12293.0	15873.0	66758.0	6565.0	4803.0	10664.0	302.0	2615.0	10551.0	16917.0	5281.0	7040.0	11983.0	1724.0	1142.0	11979.0	11145.0	1853.0	10500.0	8450.0	1949.0	2687.0
gRNA_10598	Ret	17303.0	13381.0	13873.0	47582.0	3206.0	6854.0	4958.0	193.0	5153.0	4351.0	4874.0	5705.0	2992.0	2358.0	2478.0	3482.0	8952.0	528.0	696.0	1514.0	3257.0	3962.0	163.0
gRNA_10617	Rheb	34861.0	38384.0	41733.0	191031.0	16090.0	13115.0	33892.0	697.0	42836.0	29217.0	24112.0	10335.0	16409.0	37097.0	3932.0	7651.0	26688.0	19385.0	14644.0	24188.0	41683.0	593.0	3645.0
gRNA_10634	Rhoa	16384.0	9978.0	10397.0	37497.0	2232.0	3013.0	11506.0	136.0	9228.0	7139.0	14420.0	5371.0	5515.0	4095.0	62382.0	2737.0	7908.0	4234.0	509.0	1500.0	12099.0	1864.0	1193.0
gRNA_10657	Rictor	9163.0	5080.0	7449.0	25014.0	2344.0	2145.0	3782.0	86.0	12462.0	20195.0	17081.0	3216.0	6740.0	4643.0	849.0	2208.0	5910.0	1616.0	2771.0	2849.0	2410.0	479.0	983.0
gRNA_10664	Rictor	20220.0	14864.0	21650.0	185159.0	23998.0	8203.0	49593.0	909.0	12528.0	11572.0	12856.0	5590.0	5827.0	30932.0	1803.0	4327.0	10822.0	9558.0	41399.0	82447.0	14195.0	2981.0	3648.0
gRNA_10909	Rtel1	23988.0	16415.0	18863.0	77672.0	20734.0	18626.0	21548.0	366.0	13578.0	13787.0	39195.0	5726.0	13405.0	4844.0	2060.0	6061.0	16029.0	5971.0	348.0	3133.0	7366.0	12434.0	4223.0
gRNA_10969	Runx1	28281.0	17988.0	18042.0	75323.0	7407.0	13400.0	28137.0	496.0	9480.0	18548.0	14179.0	7579.0	10261.0	21886.0	1158.0	7200.0	16931.0	23192.0	4888.0	21239.0	97365.0	12259.0	6359.0
gRNA_10971	Runx1	13708.0	7831.0	8174.0	44213.0	4268.0	5921.0	4796.0	366.0	9664.0	10383.0	10824.0	5036.0	6087.0	7605.0	550.0	5109.0	13688.0	5507.0	46400.0	8090.0	9605.0	4226.0	1712.0
gRNA_11071	Setbp1	12869.0	11554.0	14031.0	119249.0	7914.0	14063.0	26531.0	104.0	20348.0	9702.0	16718.0	3573.0	8144.0	40403.0	1324.0	1694.0	17387.0	6053.0	889.0	16293.0	23717.0	2133.0	14272.0
gRNA_11223	Smad2	35679.0	29555.0	40652.0	113450.0	6582.0	14786.0	16100.0	239.0	26195.0	19404.0	24966.0	9537.0	8794.0	26763.0	2598.0	14332.0	28805.0	10077.0	821.0	13289.0	6938.0	34388.0	22183.0
gRNA_11284	Smad4	8366.0	5219.0	5791.0	23094.0	833.0	3134.0	2067.0	43.0	2620.0	4215.0	7757.0	2300.0	6859.0	2745.0	674.0	2789.0	8767.0	3229.0	216.0	13954.0	3842.0	11727.0	1924.0
gRNA_11285	Smad4	9777.0	5717.0	8950.0	27582.0	1313.0	2296.0	4093.0	38.0	3062.0	4537.0	6861.0	711.0	7245.0	3300.0	9733.0	238.0	8510.0	5530.0	22.0	818.0	3550.0	1571.0	2655.0
gRNA_11305	Smad4	13390.0	6740.0	7996.0	45131.0	4769.0	6363.0	14613.0	121.0	10538.0	9688.0	20761.0	3724.0	2108.0	3080.0	830.0	1300.0	9660.0	296.0	112847.0	16589.0	4479.0	3156.0	4475.0
gRNA_11315	Smad4	2190.0	1293.0	1719.0	12661.0	507.0	258.0	651.0	22.0	3552.0	1204.0	761.0	389.0	3849.0	5403.0	1246.0	2516.0	1290.0	1207.0	5.0	162.0	0.0	0.0	1.0
gRNA_11324	Smad4	20161.0	11782.0	16120.0	70751.0	7006.0	17352.0	23764.0	482.0	7077.0	11022.0	13413.0	7588.0	21778.0	4688.0	1235.0	2958.0	9344.0	6455.0	2586.0	9306.0	4495.0	8725.0	22035.0
gRNA_11607	Smo	23023.0	14032.0	17269.0	97261.0	9307.0	24232.0	18232.0	426.0	12863.0	16258.0	11580.0	5738.0	17746.0	7301.0	9926.0	2856.0	12081.0	14737.0	9400.0	1542.0	21798.0	15110.0	16057.0
gRNA_11608	Smo	16533.0	11207.0	13640.0	80482.0	12375.0	6768.0	26441.0	225.0	2639.0	5394.0	5874.0	2439.0	4577.0	5182.0	1621.0	2132.0	9164.0	4347.0	45.0	7057.0	15060.0	1386.0	2651.0
gRNA_11670	Socs1	15307.0	7164.0	8606.0	28117.0	7191.0	2171.0	6856.0	163.0	2567.0	7682.0	4907.0	2331.0	7442.0	2863.0	6132.0	1707.0	1627.0	11193.0	10904.0	1370.0	834.0	366.0	3123.0
gRNA_11798	Sox9	9400.0	8062.0	9700.0	76980.0	10181.0	7392.0	5695.0	189.0	3747.0	12405.0	4930.0	2568.0	2833.0	1968.0	1078.0	69.0	13256.0	2900.0	734.0	293.0	35020.0	1550.0	9788.0
gRNA_12024	Stat3	28340.0	13809.0	17011.0	93770.0	15088.0	25927.0	36388.0	354.0	11951.0	14889.0	15267.0	5812.0	4704.0	10980.0	35971.0	2854.0	9008.0	2231.0	112692.0	1053.0	12635.0	16221.0	32827.0
gRNA_12026	Stat3	14412.0	10009.0	10637.0	55449.0	8357.0	3591.0	5070.0	76.0	3875.0	8009.0	26442.0	3838.0	782.0	4197.0	1086.0	3348.0	6152.0	2593.0	40243.0	25959.0	3652.0	20392.0	16.0
gRNA_12164	Syk	12071.0	8679.0	12818.0	40768.0	19863.0	8255.0	14005.0	433.0	6055.0	15320.0	12749.0	6520.0	2942.0	8767.0	2154.0	826.0	13935.0	8210.0	5566.0	19271.0	962.0	7942.0	10569.0
gRNA_12197	Tbl1xr1	18830.0	19829.0	27993.0	119483.0	10948.0	8661.0	17740.0	659.0	17414.0	23219.0	25211.0	9340.0	6691.0	9969.0	137485.0	16993.0	26740.0	4334.0	6980.0	15070.0	13221.0	10581.0	10059.0
gRNA_12271	Tcf3	24687.0	17832.0	21682.0	122120.0	8781.0	15442.0	17694.0	239.0	12056.0	16776.0	10201.0	9675.0	12107.0	16565.0	2071.0	4742.0	14720.0	8864.0	5039.0	103665.0	3594.0	9932.0	8018.0
gRNA_12272	Tcf3	24630.0	15185.0	18132.0	98817.0	11374.0	10850.0	10053.0	322.0	23982.0	18152.0	7581.0	7261.0	11661.0	4680.0	1815.0	1823.0	17031.0	2675.0	1012.0	3778.0	30840.0	6459.0	12038.0
gRNA_12386	Tet2	30845.0	33867.0	34183.0	141294.0	9312.0	29018.0	36386.0	643.0	27600.0	35301.0	31252.0	12969.0	17577.0	27246.0	2432.0	2048.0	29912.0	19549.0	26436.0	15222.0	9111.0	4139.0	3832.0
gRNA_12523	Trp53	24366.0	19431.0	24463.0	66128.0	4584.0	12212.0	13304.0	300.0	36781.0	10629.0	16582.0	12544.0	2987.0	70358.0	2389.0	5269.0	26449.0	5699.0	1453.0	14487.0	7513.0	9314.0	36705.0
gRNA_12536	Trp53	22706.0	12986.0	20763.0	66057.0	6375.0	8644.0	19098.0	476.0	17456.0	13312.0	19994.0	7183.0	12118.0	14996.0	14218.0	4995.0	24086.0	8661.0	264.0	9962.0	4473.0	8529.0	19578.0
gRNA_12548	Trp53	7163.0	6104.0	5373.0	89467.0	2988.0	2447.0	11505.0	151.0	2135.0	3495.0	3317.0	3924.0	3266.0	3900.0	1033.0	2182.0	2807.0	398.0	7175.0	626.0	1879.0	228.0	6309.0
gRNA_12556	Trp53	18239.0	10214.0	15595.0	71752.0	7493.0	5207.0	21349.0	361.0	6590.0	17834.0	19256.0	6382.0	9963.0	13932.0	5187.0	2135.0	8172.0	7089.0	3498.0	4897.0	6257.0	3023.0	7788.0
gRNA_12558	Trp53	29183.0	23207.0	23787.0	103489.0	28689.0	18366.0	22480.0	499.0	30925.0	20017.0	25206.0	7754.0	7741.0	11062.0	2479.0	5983.0	29306.0	4537.0	109366.0	5562.0	15417.0	14516.0	13267.0
gRNA_12567	Trp53	19966.0	13920.0	17166.0	42149.0	2468.0	7690.0	8297.0	296.0	9011.0	11121.0	10866.0	5068.0	6218.0	5585.0	1128.0	5066.0	13843.0	4657.0	1385.0	2768.0	2823.0	53900.0	4181.0
gRNA_12579	Trp53	6632.0	6812.0	7789.0	14807.0	5394.0	4886.0	3865.0	73.0	3244.0	4036.0	5918.0	1159.0	1821.0	832.0	372.0	902.0	1672.0	467.0	9.0	17277.0	896.0	43.0	5830.0
gRNA_12580	Trp53	17692.0	9608.0	9619.0	41049.0	3967.0	6747.0	12388.0	147.0	10409.0	10418.0	14724.0	5168.0	13410.0	7765.0	4723.0	2416.0	14479.0	3197.0	6711.0	1676.0	55655.0	3089.0	1163.0
gRNA_12583	Trp53	22878.0	30117.0	35177.0	182926.0	29128.0	32494.0	40800.0	779.0	18992.0	63068.0	31820.0	11977.0	20384.0	23070.0	3745.0	1510.0	32589.0	4791.0	3649.0	2673.0	6883.0	1035.0	7063.0
gRNA_12592	Trp53	9807.0	9008.0	11411.0	30386.0	2425.0	5094.0	4830.0	148.0	13610.0	8411.0	10733.0	5816.0	11927.0	5619.0	453.0	5617.0	6267.0	661.0	360.0	5065.0	4753.0	1963.0	2717.0
gRNA_12597	Trp53	23553.0	12336.0	11980.0	63087.0	11970.0	4586.0	16135.0	274.0	4639.0	9488.0	6589.0	2675.0	3303.0	3561.0	2738.0	6697.0	15887.0	6401.0	3285.0	573.0	12708.0	1336.0	486.0
gRNA_12601	Trp53	15730.0	11164.0	13102.0	58051.0	3860.0	17265.0	11998.0	173.0	3722.0	9919.0	6664.0	5731.0	5531.0	14334.0	1517.0	1924.0	4105.0	3723.0	1698.0	915.0	42398.0	6654.0	18727.0
gRNA_12602	Trp53	32187.0	30563.0	36595.0	139617.0	6455.0	40403.0	17081.0	777.0	29621.0	38175.0	22573.0	12065.0	22423.0	70852.0	369659.0	3427.0	15615.0	9985.0	6957.0	20366.0	20851.0	7521.0	24437.0
gRNA_12604	Trp53	16136.0	8978.0	10288.0	36707.0	2233.0	9856.0	6127.0	130.0	9343.0	7764.0	7908.0	5365.0	8750.0	4901.0	2682.0	5048.0	14651.0	7785.0	1373.0	2526.0	1952.0	1252.0	2757.0
gRNA_12652	Trp53bp1	22523.0	32762.0	38797.0	174568.0	11967.0	29348.0	30467.0	796.0	42650.0	32943.0	36966.0	15149.0	16208.0	20715.0	2482.0	8718.0	38959.0	22360.0	20887.0	17832.0	70008.0	43633.0	11290.0
gRNA_12831	Tsc1	16985.0	14317.0	16108.0	101548.0	13402.0	3240.0	15444.0	427.0	11898.0	35933.0	16066.0	3953.0	4141.0	3054.0	1175.0	3768.0	7748.0	402.0	1425.0	7491.0	736.0	567.0	8688.0
gRNA_13011	Vhl	20751.0	14301.0	20640.0	118347.0	10590.0	20881.0	15656.0	737.0	14283.0	15372.0	20233.0	2419.0	2813.0	9119.0	1331.0	2497.0	12203.0	8803.0	905.0	1625.0	17898.0	1732.0	21588.0
gRNA_13599	controlsgRNA	16546.0	12550.0	18118.0	116814.0	14358.0	29015.0	32440.0	506.0	4115.0	8119.0	12092.0	2764.0	7346.0	14105.0	668.0	2842.0	4104.0	8348.0	851.0	10292.0	16566.0	3887.0	26885.0
gRNA_13600	controlsgRNA	31201.0	18046.0	19514.0	164721.0	20026.0	12856.0	19531.0	336.0	11593.0	24681.0	53943.0	5210.0	12844.0	30579.0	201376.0	9766.0	10859.0	12542.0	44049.0	645.0	14027.0	6290.0	70178.0
gRNA_13601	controlsgRNA	45093.0	33046.0	40174.0	181096.0	23621.0	44083.0	47066.0	632.0	47479.0	35797.0	30853.0	8731.0	7148.0	16600.0	31491.0	17466.0	35872.0	11464.0	9802.0	15431.0	7987.0	35741.0	28820.0
gRNA_13602	controlsgRNA	23177.0	16195.0	18716.0	47814.0	14853.0	6046.0	15807.0	282.0	4544.0	5875.0	4374.0	4032.0	2499.0	23343.0	100910.0	1283.0	2995.0	743.0	1559.0	5469.0	360.0	15587.0	4183.0
gRNA_13603	controlsgRNA	34814.0	17113.0	22228.0	60965.0	13255.0	9429.0	16946.0	694.0	17078.0	19232.0	13033.0	7146.0	10336.0	7492.0	210224.0	2608.0	10190.0	15585.0	13197.0	4394.0	3536.0	1327.0	3654.0
gRNA_13604	controlsgRNA	40467.0	33787.0	37026.0	192485.0	17150.0	40867.0	46461.0	895.0	22185.0	30611.0	32816.0	11251.0	30506.0	19593.0	50256.0	7739.0	23284.0	18350.0	45749.0	21564.0	39105.0	21784.0	11421.0
gRNA_13605	controlsgRNA	29491.0	21497.0	26615.0	146116.0	17861.0	14240.0	28835.0	441.0	34488.0	25674.0	37892.0	8004.0	14973.0	55836.0	3372.0	7032.0	28294.0	9844.0	1802.0	19243.0	1292.0	18746.0	878128.0
gRNA_13606	controlsgRNA	64764.0	53120.0	55846.0	293666.0	52832.0	36120.0	73645.0	1330.0	43266.0	35678.0	42675.0	15703.0	21156.0	53607.0	9294.0	5962.0	76370.0	53444.0	46364.0	11532.0	22580.0	40152.0	86573.0
gRNA_13607	controlsgRNA	38583.0	25626.0	34284.0	220602.0	17392.0	48099.0	36025.0	852.0	16653.0	35749.0	57736.0	11953.0	18084.0	15120.0	2076.0	10116.0	34613.0	9320.0	1871.0	28287.0	2957.0	11465.0	10784.0
gRNA_13608	controlsgRNA	6852.0	7188.0	6014.0	29657.0	1407.0	4313.0	3098.0	80.0	5682.0	3516.0	3358.0	2614.0	3101.0	1261.0	444.0	2563.0	2119.0	200.0	187.0	4906.0	589.0	1709.0	92.0
gRNA_14579	controlsgRNA	20979.0	31340.0	31191.0	119445.0	8217.0	49105.0	21903.0	484.0	35180.0	17846.0	16763.0	1657.0	5646.0	27517.0	17983.0	6954.0	13605.0	5210.0	4854.0	5942.0	931.0	4694.0	39800.0
gRNA_14580	controlsgRNA	9053.0	18327.0	20575.0	17435.0	1133.0	13678.0	4347.0	52.0	20174.0	13483.0	13528.0	4057.0	9164.0	26050.0	16022.0	4759.0	24994.0	8656.0	723.0	9290.0	21141.0	5451.0	5732.0
gRNA_14581	controlsgRNA	18136.0	20145.0	27554.0	83935.0	5296.0	19480.0	12642.0	263.0	20297.0	18746.0	24149.0	1644.0	4540.0	9149.0	49964.0	2065.0	18453.0	14638.0	11571.0	54130.0	5458.0	17723.0	5984.0
gRNA_14582	controlsgRNA	11068.0	18239.0	23406.0	16834.0	1620.0	4502.0	4486.0	71.0	11104.0	10221.0	14325.0	2192.0	11364.0	7650.0	1113.0	1644.0	13607.0	7081.0	344.0	5173.0	18003.0	59.0	8227.0
gRNA_14583	controlsgRNA	2553.0	4736.0	5294.0	805.0	62.0	2324.0	377.0	9.0	1779.0	2527.0	6115.0	1006.0	1793.0	15046.0	261.0	897.0	4888.0	2689.0	220.0	2686.0	520.0	296.0	54871.0
gRNA_14584	controlsgRNA	29957.0	22302.0	26298.0	101392.0	17531.0	19668.0	35269.0	501.0	21629.0	31881.0	29239.0	4354.0	10653.0	39761.0	3984.0	5919.0	18583.0	4696.0	5819.0	10092.0	13988.0	10070.0	12014.0
gRNA_14585	controlsgRNA	12652.0	22459.0	25350.0	47037.0	4567.0	26807.0	11857.0	229.0	26559.0	19358.0	31391.0	4540.0	10282.0	15272.0	122976.0	4712.0	13835.0	17142.0	12890.0	2180.0	12391.0	8330.0	12172.0
gRNA_14586	controlsgRNA	20949.0	34756.0	39205.0	170657.0	10351.0	20882.0	23918.0	788.0	56892.0	35658.0	34989.0	4763.0	17837.0	61801.0	3260.0	9974.0	23025.0	24669.0	2899.0	47601.0	2025.0	9163.0	71164.0
gRNA_14587	controlsgRNA	18296.0	19654.0	24248.0	75095.0	4945.0	13232.0	10374.0	264.0	23911.0	20999.0	25109.0	5317.0	11362.0	16673.0	26582.0	7626.0	9340.0	8650.0	22937.0	6563.0	620.0	2021.0	23057.0
gRNA_14588	controlsgRNA	25099.0	28578.0	36935.0	80377.0	5218.0	7248.0	13913.0	314.0	19016.0	24127.0	34313.0	4189.0	20175.0	33392.0	93741.0	11406.0	9315.0	9840.0	3720.0	1715.0	18262.0	28454.0	79374.0
gRNA_14589	controlsgRNA	12463.0	8355.0	9643.0	12842.0	1397.0	3120.0	5451.0	40.0	2073.0	7822.0	4338.0	443.0	4659.0	467.0	17623.0	246.0	3781.0	1064.0	464.0	9584.0	548.0	0.0	141664.0
gRNA_14590	controlsgRNA	7063.0	8178.0	12591.0	4050.0	327.0	654.0	549.0	17.0	3067.0	3460.0	6142.0	948.0	356.0	2084.0	971.0	2534.0	5723.0	2473.0	1217.0	95036.0	564.0	4518.0	361.0
gRNA_14591	controlsgRNA	37159.0	27353.0	32303.0	131257.0	15037.0	23361.0	28729.0	604.0	42534.0	31793.0	45070.0	3961.0	11208.0	16057.0	136595.0	2248.0	24864.0	37041.0	66276.0	31502.0	5055.0	1878.0	40901.0
gRNA_14592	controlsgRNA	237.0	215.0	206.0	93.0	0.0	0.0	29.0	3.0	0.0	0.0	0.0	0.0	0.0	0.0	0.0	0.0	0.0	0.0	0.0	0.0	0.0	0.0	0.0
gRNA_14593	controlsgRNA	19102.0	21493.0	24868.0	88009.0	5838.0	27661.0	21469.0	587.0	26927.0	25342.0	27693.0	4304.0	15053.0	21689.0	3123.0	3940.0	16114.0	8697.0	130762.0	5446.0	10389.0	2141.0	2118.0
gRNA_14594	controlsgRNA	8473.0	12402.0	12515.0	23449.0	680.0	3298.0	3916.0	134.0	10346.0	9096.0	11695.0	1780.0	4968.0	12254.0	1370.0	8428.0	14764.0	7565.0	430.0	2695.0	3030.0	599.0	2186.0
gRNA_14595	controlsgRNA	20724.0	31032.0	31162.0	107467.0	7785.0	19719.0	19085.0	540.0	16807.0	26541.0	24600.0	1999.0	8495.0	6670.0	978.0	15937.0	15245.0	6414.0	2487.0	14297.0	34203.0	6580.0	6819.0
gRNA_14596	controlsgRNA	28130.0	16607.0	20445.0	66011.0	4366.0	25540.0	18189.0	205.0	6946.0	16864.0	17213.0	2490.0	12579.0	11128.0	6032.0	4438.0	20463.0	19606.0	53625.0	25904.0	23029.0	4012.0	9164.0
gRNA_14657	controlsgRNA	36473.0	35023.0	42694.0	218266.0	26695.0	36288.0	40320.0	1183.0	22721.0	28804.0	34712.0	2443.0	6797.0	44819.0	4826.0	10133.0	19809.0	11825.0	51005.0	16214.0	31820.0	6052.0	22870.0
gRNA_14658	controlsgRNA	52618.0	22603.0	33523.0	169335.0	36103.0	13749.0	37845.0	867.0	40774.0	24337.0	68606.0	5447.0	6708.0	19087.0	2477.0	4885.0	11568.0	8085.0	1103.0	3421.0	6017.0	1071.0	5863.0
gRNA_14659	controlsgRNA	26836.0	24094.0	28143.0	133720.0	15302.0	18047.0	28287.0	509.0	11962.0	22634.0	22449.0	3577.0	3479.0	31644.0	1958.0	4255.0	29859.0	26536.0	821.0	8388.0	3627.0	3992.0	27755.0
gRNA_14660	controlsgRNA	44040.0	25130.0	23363.0	100679.0	25889.0	19985.0	38818.0	584.0	25050.0	19003.0	17009.0	3225.0	4548.0	10352.0	1939.0	4041.0	25943.0	12633.0	192613.0	2552.0	12571.0	3086.0	4249.0
gRNA_14661	controlsgRNA	36716.0	29125.0	36398.0	182490.0	14053.0	42242.0	33577.0	959.0	17164.0	28245.0	26087.0	4112.0	14161.0	6635.0	24120.0	4904.0	24655.0	20788.0	3545.0	35427.0	14669.0	13526.0	111594.0
gRNA_14662	controlsgRNA	64069.0	48668.0	52380.0	291056.0	34807.0	42412.0	57778.0	1287.0	58372.0	51023.0	70214.0	5244.0	17464.0	31468.0	185680.0	27115.0	47501.0	7745.0	45618.0	24261.0	50005.0	4653.0	48157.0
gRNA_14663	controlsgRNA	42526.0	41868.0	55557.0	365353.0	48376.0	58127.0	86562.0	1201.0	71423.0	73707.0	45328.0	5517.0	18195.0	16323.0	4302.0	11848.0	20303.0	26013.0	2186.0	16987.0	16017.0	60170.0	29007.0
gRNA_14664	controlsgRNA	38659.0	28742.0	32270.0	184269.0	18861.0	35446.0	40685.0	735.0	15874.0	19368.0	26886.0	4975.0	19777.0	32218.0	185434.0	13311.0	17951.0	41472.0	1026.0	11802.0	30487.0	17941.0	2350.0
gRNA_14665	controlsgRNA	33687.0	45420.0	61936.0	280311.0	33784.0	37130.0	41970.0	897.0	37389.0	57398.0	51622.0	6965.0	8293.0	54149.0	171349.0	10738.0	37997.0	18677.0	22308.0	54427.0	13018.0	10359.0	92781.0
gRNA_14666	controlsgRNA	51815.0	38905.0	51120.0	380948.0	65139.0	58390.0	75205.0	1753.0	27953.0	34843.0	36785.0	5189.0	12283.0	27614.0	11986.0	14815.0	20883.0	21919.0	75803.0	27570.0	13742.0	2273.0	19709.0
gRNA_14667	controlsgRNA	44440.0	35481.0	41027.0	197959.0	25658.0	27422.0	44509.0	706.0	17024.0	18461.0	25519.0	4365.0	5056.0	20736.0	35350.0	7005.0	10722.0	16039.0	17852.0	4330.0	5644.0	2647.0	55489.0
gRNA_14668	controlsgRNA	26676.0	22570.0	29175.0	67675.0	7959.0	11271.0	12282.0	385.0	13401.0	25561.0	22419.0	3582.0	11408.0	10780.0	9473.0	5117.0	18808.0	24764.0	14542.0	48817.0	8258.0	9666.0	12648.0
gRNA_14669	controlsgRNA	25792.0	25697.0	35316.0	121659.0	7673.0	28575.0	26173.0	545.0	22332.0	27218.0	32098.0	3674.0	4211.0	25135.0	2592.0	1452.0	25563.0	7517.0	2401.0	8408.0	152985.0	24386.0	4235.0
gRNA_14670	controlsgRNA	39520.0	31102.0	43966.0	261659.0	29468.0	20081.0	43906.0	1279.0	64807.0	38450.0	63680.0	6432.0	12701.0	35807.0	4863.0	10120.0	15542.0	10873.0	11443.0	38257.0	32167.0	18368.0	34230.0
gRNA_14671	controlsgRNA	26419.0	23054.0	27576.0	111718.0	9166.0	37036.0	20038.0	623.0	29728.0	19868.0	22014.0	1577.0	4443.0	32999.0	119592.0	8305.0	7985.0	3689.0	18610.0	22081.0	15770.0	7718.0	23768.0
gRNA_14672	controlsgRNA	25290.0	19142.0	21595.0	103055.0	6176.0	12193.0	19759.0	208.0	4413.0	13973.0	8048.0	1680.0	1922.0	2847.0	64919.0	746.0	8424.0	10347.0	5916.0	29681.0	3571.0	5621.0	3287.0
gRNA_14673	controlsgRNA	46232.0	34004.0	43079.0	153956.0	17279.0	31683.0	37837.0	383.0	28786.0	26317.0	48740.0	5913.0	25344.0	16317.0	2703.0	5694.0	13893.0	28978.0	10453.0	1804.0	65528.0	2550.0	58472.0
gRNA_14674	controlsgRNA	31130.0	26972.0	25420.0	168036.0	36951.0	23754.0	32798.0	546.0	8935.0	8363.0	16882.0	1004.0	4672.0	8115.0	139750.0	5412.0	15496.0	5412.0	1813.0	5157.0	9037.0	20726.0	6.0
gRNA_14675	controlsgRNA	22747.0	23615.0	30693.0	111056.0	5185.0	6541.0	12854.0	151.0	15969.0	26811.0	34058.0	4793.0	9905.0	26452.0	3678.0	7066.0	11585.0	5866.0	658.0	8152.0	123373.0	6237.0	26583.0
gRNA_14676	controlsgRNA	34836.0	28769.0	26751.0	117818.0	8784.0	31653.0	20249.0	301.0	31056.0	43324.0	40744.0	2160.0	12096.0	15586.0	101056.0	8107.0	11449.0	7255.0	7095.0	36391.0	153951.0	5853.0	15206.0
gRNA_14677	controlsgRNA	35309.0	17690.0	20523.0	92309.0	5953.0	18633.0	22181.0	418.0	8074.0	17059.0	18119.0	1182.0	6208.0	1118.0	2431.0	4272.0	12307.0	5669.0	690.0	3260.0	1249.0	6146.0	131775.0
gRNA_14678	controlsgRNA	29304.0	28010.0	32659.0	216713.0	20754.0	14728.0	52790.0	1043.0	12538.0	22786.0	25700.0	3504.0	7373.0	15278.0	4607.0	5161.0	11816.0	18931.0	7600.0	66940.0	2923.0	996.0	2744.0
gRNA_14679	controlsgRNA	29238.0	37540.0	40171.0	193776.0	23175.0	24463.0	41858.0	655.0	32907.0	35725.0	19990.0	3555.0	9621.0	21486.0	19758.0	3342.0	13953.0	14116.0	1691.0	12390.0	5025.0	1133.0	20012.0
gRNA_14680	controlsgRNA	21534.0	24931.0	30128.0	135810.0	4296.0	10142.0	20230.0	246.0	17775.0	28265.0	25425.0	3162.0	11964.0	9938.0	38793.0	3792.0	7726.0	5777.0	1403.0	11474.0	10557.0	12925.0	36341.0
gRNA_14681	controlsgRNA	32463.0	36361.0	36180.0	159295.0	11479.0	13935.0	30482.0	386.0	15382.0	25813.0	25151.0	7144.0	16728.0	3784.0	2912.0	2159.0	13327.0	29246.0	6744.0	10134.0	54643.0	4460.0	25513.0
gRNA_14682	controlsgRNA	29832.0	21721.0	26610.0	234142.0	31976.0	36199.0	30790.0	325.0	22692.0	19217.0	25099.0	4002.0	12130.0	15679.0	3846.0	1824.0	15529.0	19069.0	124.0	9678.0	2294.0	2407.0	18218.0
gRNA_14683	controlsgRNA	24360.0	23589.0	23666.0	96720.0	10098.0	28031.0	15713.0	579.0	20417.0	31091.0	15871.0	2256.0	4525.0	16874.0	4174.0	4164.0	4387.0	1173.0	18927.0	10293.0	27253.0	9196.0	5719.0
gRNA_14684	controlsgRNA	38761.0	46205.0	51987.0	257897.0	28025.0	35944.0	45068.0	992.0	44171.0	54082.0	67119.0	8298.0	7208.0	60314.0	4100.0	18347.0	29431.0	14640.0	7259.0	16701.0	44419.0	2669.0	4914.0
gRNA_14685	controlsgRNA	41720.0	48991.0	54172.0	146129.0	17658.0	26871.0	50689.0	1024.0	26334.0	56007.0	69512.0	8630.0	18347.0	24691.0	5286.0	9967.0	38075.0	42981.0	11100.0	11655.0	30735.0	14577.0	6304.0
gRNA_14686	controlsgRNA	28981.0	32033.0	32399.0	186299.0	27311.0	29315.0	52792.0	1264.0	16075.0	28512.0	20303.0	4309.0	6369.0	37183.0	25803.0	7665.0	26068.0	5646.0	1649.0	17475.0	42117.0	11381.0	3000.0
gRNA_14687	controlsgRNA	36559.0	42057.0	43942.0	230744.0	22354.0	18387.0	58434.0	579.0	55761.0	36358.0	28751.0	7292.0	13455.0	54372.0	72917.0	4256.0	30964.0	24417.0	487172.0	15415.0	13155.0	5271.0	93774.0
gRNA_14688	controlsgRNA	33437.0	21224.0	23933.0	117381.0	11703.0	18102.0	21095.0	807.0	21738.0	21286.0	16452.0	4074.0	2917.0	29647.0	8263.0	1912.0	25356.0	10932.0	99068.0	5695.0	21964.0	5563.0	8337.0
gRNA_14689	controlsgRNA	28886.0	20838.0	27517.0	73951.0	6294.0	32293.0	21132.0	493.0	1388.0	16421.0	14824.0	2065.0	11693.0	9895.0	122709.0	12144.0	13972.0	6284.0	392.0	10099.0	7868.0	11708.0	3489.0
gRNA_14690	controlsgRNA	46113.0	35244.0	43511.0	166782.0	33583.0	19953.0	61814.0	1097.0	44547.0	24387.0	23170.0	8053.0	20677.0	24525.0	132782.0	12762.0	10126.0	11245.0	47159.0	8608.0	19215.0	23031.0	48932.0
gRNA_14691	controlsgRNA	27601.0	21040.0	30012.0	102532.0	16487.0	12199.0	40659.0	323.0	8833.0	19191.0	16340.0	3662.0	5556.0	24472.0	2911.0	7653.0	6694.0	3369.0	427.0	4808.0	19771.0	3843.0	12009.0
gRNA_14692	controlsgRNA	39472.0	36039.0	42289.0	170173.0	16394.0	25863.0	35160.0	563.0	40008.0	35699.0	29270.0	4391.0	11991.0	42468.0	3344.0	7769.0	47931.0	20559.0	50111.0	15964.0	27280.0	169845.0	73833.0
gRNA_14693	controlsgRNA	18063.0	16976.0	25208.0	135912.0	10311.0	10943.0	27112.0	296.0	22408.0	18160.0	15494.0	2885.0	9117.0	37621.0	1353.0	2461.0	20677.0	11416.0	24141.0	3956.0	3277.0	5505.0	3342.0
gRNA_14694	controlsgRNA	51401.0	52922.0	77902.0	288965.0	26349.0	78575.0	44247.0	992.0	94056.0	61599.0	63382.0	11365.0	20616.0	61066.0	122595.0	20740.0	50789.0	48650.0	107322.0	14220.0	30479.0	72191.0	188725.0
gRNA_14695	controlsgRNA	41815.0	34703.0	41043.0	224409.0	27647.0	38317.0	55200.0	863.0	24599.0	24284.0	35389.0	5089.0	5406.0	15148.0	10210.0	5495.0	13029.0	7994.0	688.0	6426.0	31680.0	3991.0	9447.0
gRNA_14696	controlsgRNA	30910.0	23228.0	29880.0	145655.0	14922.0	16372.0	41029.0	404.0	12063.0	25497.0	26356.0	5767.0	9511.0	34135.0	163778.0	6940.0	25173.0	27056.0	1136.0	13387.0	10151.0	6404.0	8901.0
gRNA_14697	controlsgRNA	10470.0	7834.0	11921.0	59863.0	13924.0	14934.0	29858.0	120.0	2401.0	8859.0	8696.0	836.0	2444.0	794.0	1614.0	3512.0	3322.0	15161.0	6999.0	2924.0	1288.0	7457.0	34761.0
gRNA_14698	controlsgRNA	42360.0	26994.0	32716.0	159012.0	25040.0	27032.0	32336.0	705.0	19944.0	30538.0	19158.0	1865.0	11471.0	26820.0	2329.0	6643.0	25563.0	9567.0	1860.0	32471.0	31689.0	2755.0	7098.0
gRNA_14699	controlsgRNA	38258.0	23990.0	32884.0	98622.0	13751.0	14482.0	28963.0	402.0	33395.0	22180.0	24064.0	3067.0	3621.0	68787.0	15492.0	1039.0	16461.0	11736.0	624.0	9093.0	1392.0	4141.0	4.0
gRNA_14700	controlsgRNA	29468.0	17133.0	23587.0	124853.0	9421.0	16674.0	17998.0	506.0	15354.0	13965.0	21605.0	3519.0	1981.0	7990.0	3813.0	4507.0	7910.0	7573.0	321.0	4255.0	70258.0	328.0	312327.0
gRNA_14701	controlsgRNA	57117.0	15959.0	24300.0	132113.0	35686.0	66257.0	44326.0	1338.0	52153.0	40095.0	44099.0	2947.0	17296.0	14942.0	24977.0	10171.0	15840.0	7381.0	293614.0	5089.0	3041.0	2554.0	2643.0
gRNA_14702	controlsgRNA	20216.0	30411.0	30752.0	69287.0	4921.0	33475.0	16025.0	406.0	44601.0	31058.0	32420.0	4041.0	9821.0	18468.0	1776.0	9614.0	18681.0	6082.0	2809.0	12538.0	11876.0	3082.0	11588.0
gRNA_14703	controlsgRNA	15083.0	17370.0	18604.0	81266.0	8748.0	9813.0	19432.0	474.0	12330.0	12005.0	17593.0	2092.0	2860.0	18339.0	4287.0	1581.0	8872.0	11439.0	8575.0	23249.0	54445.0	2447.0	2188.0
gRNA_14704	controlsgRNA	37298.0	22780.0	26559.0	233047.0	33192.0	16365.0	45966.0	1241.0	16756.0	35696.0	31723.0	3098.0	13059.0	11308.0	3048.0	8647.0	34770.0	11311.0	212080.0	1182.0	55648.0	44310.0	43210.0
gRNA_14705	controlsgRNA	42298.0	17080.0	19025.0	57003.0	3339.0	4194.0	10229.0	261.0	24579.0	12365.0	15902.0	755.0	15932.0	51087.0	1102.0	6936.0	9947.0	425.0	7004.0	10.0	3471.0	2.0	20883.0
gRNA_14706	controlsgRNA	31237.0	12691.0	20413.0	121864.0	15076.0	8574.0	31080.0	334.0	11240.0	4135.0	3580.0	1928.0	5784.0	8676.0	309.0	2795.0	6775.0	2485.0	254.0	11664.0	103846.0	820.0	13801.0
gRNA_14707	controlsgRNA	38993.0	36668.0	41596.0	169521.0	28568.0	36819.0	39262.0	985.0	42817.0	43373.0	40895.0	4239.0	7720.0	9486.0	2556.0	19965.0	37777.0	15070.0	4503.0	38315.0	4542.0	8945.0	33696.0
gRNA_14708	controlsgRNA	19189.0	23041.0	27351.0	144599.0	14150.0	17818.0	24165.0	779.0	11523.0	17846.0	23236.0	3291.0	5304.0	11288.0	1865.0	4719.0	27591.0	20609.0	547.0	13717.0	3195.0	47495.0	7709.0
gRNA_14709	controlsgRNA	25649.0	28224.0	29815.0	165520.0	17412.0	21430.0	28972.0	687.0	17997.0	23406.0	48884.0	4089.0	6238.0	13233.0	2461.0	6725.0	13593.0	15857.0	1118.0	7728.0	34765.0	19622.0	5747.0
gRNA_14710	controlsgRNA	9114.0	8817.0	12498.0	48890.0	5331.0	1900.0	14153.0	160.0	4893.0	6308.0	7566.0	1163.0	713.0	1751.0	161.0	198.0	7264.0	0.0	2632.0	650.0	18.0	1544.0	2533.0
gRNA_14711	controlsgRNA	35162.0	38142.0	38833.0	240521.0	25897.0	39311.0	53343.0	1018.0	58581.0	30106.0	57854.0	8653.0	12584.0	27216.0	4504.0	9892.0	30491.0	13729.0	10026.0	7939.0	6173.0	6150.0	38039.0
gRNA_14712	controlsgRNA	12006.0	15548.0	16778.0	77205.0	6050.0	15395.0	11778.0	217.0	24288.0	11163.0	13555.0	1522.0	3194.0	29910.0	11101.0	650.0	5678.0	3545.0	731.0	1818.0	3530.0	5749.0	1601.0
gRNA_14713	controlsgRNA	28354.0	30169.0	37923.0	197438.0	25762.0	34515.0	36051.0	498.0	19711.0	16397.0	24405.0	2522.0	4223.0	17341.0	1370.0	4788.0	22344.0	12019.0	18854.0	8242.0	3638.0	4651.0	5391.0
gRNA_14714	controlsgRNA	29377.0	22573.0	26291.0	176355.0	17729.0	17724.0	29294.0	222.0	17280.0	16941.0	23891.0	3195.0	6218.0	8374.0	1464.0	906.0	24819.0	10880.0	1634.0	19081.0	18088.0	3468.0	174314.0
gRNA_14715	controlsgRNA	38722.0	26873.0	33715.0	133317.0	13710.0	34343.0	33392.0	559.0	10640.0	22028.0	26897.0	5536.0	5926.0	7588.0	2666.0	880.0	17275.0	11745.0	263.0	25510.0	30959.0	19736.0	10090.0
gRNA_14716	controlsgRNA	27560.0	29357.0	35319.0	151171.0	12291.0	9584.0	21517.0	427.0	38188.0	37371.0	74014.0	5360.0	10212.0	20970.0	4076.0	11955.0	15476.0	15138.0	22185.0	9094.0	112026.0	10050.0	10917.0
gRNA_14717	controlsgRNA	107.0	52.0	708.0	3.0	9.0	1.0	0.0	0.0	0.0	0.0	0.0	0.0	0.0	0.0	80.0	0.0	0.0	0.0	0.0	0.0	0.0	0.0	0.0
gRNA_14718	controlsgRNA	28515.0	28116.0	33336.0	198626.0	21092.0	16368.0	28033.0	743.0	46390.0	18494.0	23655.0	2253.0	10678.0	27656.0	2346.0	4666.0	21894.0	34561.0	94825.0	6384.0	3588.0	6700.0	4986.0
gRNA_14719	controlsgRNA	23102.0	28598.0	35323.0	156052.0	9859.0	33987.0	24796.0	843.0	9524.0	20354.0	41569.0	11071.0	5280.0	1191.0	6059.0	10118.0	4209.0	3256.0	546.0	5507.0	8761.0	1868.0	7658.0
gRNA_14720	controlsgRNA	35852.0	42616.0	51881.0	220439.0	16576.0	32651.0	40871.0	1050.0	26098.0	36492.0	41851.0	3554.0	16111.0	43469.0	3592.0	11780.0	20304.0	39614.0	39628.0	7595.0	4131.0	4084.0	16911.0
gRNA_14721	controlsgRNA	56647.0	50195.0	61408.0	331305.0	69388.0	42592.0	81542.0	1790.0	66399.0	53096.0	57240.0	6978.0	13154.0	35813.0	6269.0	16355.0	27983.0	10555.0	11361.0	20596.0	42829.0	40412.0	32554.0
gRNA_14722	controlsgRNA	19572.0	29620.0	39900.0	165944.0	12150.0	10203.0	17073.0	673.0	41476.0	38971.0	31135.0	2717.0	5571.0	19421.0	151103.0	4033.0	15006.0	12340.0	58382.0	9191.0	22026.0	4938.0	5183.0
gRNA_14723	controlsgRNA	41758.0	35653.0	48755.0	261361.0	47019.0	41968.0	71588.0	1127.0	36728.0	44865.0	51679.0	3760.0	20302.0	25440.0	167474.0	4837.0	35248.0	19142.0	57563.0	40669.0	11578.0	25121.0	40169.0
gRNA_14724	controlsgRNA	42357.0	31743.0	35927.0	176716.0	27915.0	35802.0	32774.0	507.0	19971.0	31792.0	28430.0	5185.0	16732.0	15175.0	130117.0	16145.0	64490.0	14494.0	1185.0	12485.0	6921.0	22070.0	18671.0
gRNA_14725	controlsgRNA	30069.0	28344.0	28179.0	242508.0	22462.0	33411.0	28945.0	1126.0	36938.0	39995.0	44033.0	3418.0	10323.0	71076.0	24080.0	6312.0	25428.0	17503.0	64578.0	20929.0	33016.0	23481.0	19656.0
gRNA_14726	controlsgRNA	36535.0	22241.0	27525.0	69252.0	6994.0	27694.0	32324.0	370.0	14045.0	18138.0	19387.0	2632.0	4585.0	14129.0	140495.0	2196.0	15941.0	12156.0	2171.0	14286.0	11631.0	36468.0	6179.0
gRNA_14727	controlsgRNA	90357.0	110603.0	136310.0	707618.0	144228.0	86932.0	154185.0	3355.0	108233.0	106185.0	137041.0	19228.0	46529.0	79021.0	23964.0	18180.0	56456.0	56579.0	40775.0	43151.0	176525.0	122091.0	13001.0
gRNA_14728	controlsgRNA	28118.0	14867.0	18381.0	111524.0	9322.0	10865.0	19095.0	298.0	9848.0	21628.0	23991.0	2499.0	6598.0	9674.0	2728.0	8839.0	13551.0	4986.0	1007.0	12444.0	41804.0	11142.0	111454.0
gRNA_14729	controlsgRNA	50474.0	48204.0	64289.0	413751.0	83558.0	39104.0	98283.0	2025.0	32396.0	42574.0	39489.0	5139.0	27219.0	26142.0	5198.0	8945.0	27003.0	17970.0	3414.0	12124.0	21875.0	16397.0	17527.0
gRNA_14730	controlsgRNA	26426.0	31797.0	33461.0	185654.0	20712.0	11897.0	41074.0	763.0	14374.0	24054.0	31524.0	3465.0	4958.0	26383.0	20737.0	10685.0	11678.0	7522.0	9051.0	12804.0	4648.0	14618.0	100935.0
gRNA_14731	controlsgRNA	16445.0	19596.0	22421.0	44445.0	6892.0	24537.0	12699.0	275.0	7971.0	26055.0	27452.0	1470.0	10956.0	12196.0	1809.0	5645.0	6893.0	5210.0	1833.0	18311.0	4758.0	5402.0	574.0
gRNA_14732	controlsgRNA	40360.0	43515.0	58126.0	178104.0	31680.0	19622.0	45301.0	416.0	22531.0	20362.0	56633.0	8850.0	27617.0	13397.0	39675.0	9376.0	23004.0	3920.0	1401.0	9032.0	17877.0	20947.0	15281.0
gRNA_14733	controlsgRNA	29275.0	36168.0	42940.0	241834.0	23255.0	21298.0	44556.0	942.0	22690.0	35181.0	31663.0	4182.0	14136.0	33310.0	4163.0	258.0	43684.0	42345.0	2206.0	57961.0	120909.0	2872.0	612884.0
gRNA_14734	controlsgRNA	33020.0	38360.0	50587.0	159380.0	11593.0	24146.0	33472.0	562.0	25421.0	23214.0	25425.0	4020.0	17023.0	16901.0	2781.0	4480.0	16563.0	19747.0	1608.0	25795.0	4272.0	7415.0	48366.0
gRNA_14735	controlsgRNA	20462.0	17205.0	21532.0	83449.0	8156.0	13056.0	16581.0	282.0	13088.0	7338.0	25867.0	2668.0	4520.0	22572.0	1678.0	10406.0	7559.0	7033.0	772.0	13387.0	991.0	25240.0	10880.0
gRNA_14736	controlsgRNA	45196.0	38993.0	47909.0	370312.0	60440.0	45344.0	79347.0	1605.0	29366.0	46260.0	66089.0	6838.0	28310.0	53962.0	4802.0	12808.0	27317.0	51099.0	10248.0	65048.0	33379.0	5874.0	55870.0
gRNA_14737	controlsgRNA	24816.0	28401.0	31979.0	131633.0	8537.0	12327.0	19097.0	745.0	35052.0	27035.0	31928.0	4892.0	12365.0	16824.0	4922.0	3363.0	19883.0	7638.0	203782.0	33547.0	11786.0	33898.0	125882.0
gRNA_14738	controlsgRNA	22454.0	20533.0	25395.0	69288.0	7184.0	10077.0	14688.0	341.0	12130.0	18381.0	14449.0	3291.0	9649.0	7449.0	16909.0	5956.0	18761.0	2754.0	656.0	10951.0	13286.0	2548.0	4835.0
gRNA_14739	controlsgRNA	69207.0	45070.0	61807.0	444804.0	52698.0	27905.0	70528.0	1506.0	44268.0	42496.0	38656.0	7880.0	11604.0	44637.0	38241.0	7571.0	44418.0	17435.0	78080.0	46724.0	65127.0	7258.0	18863.0
gRNA_14740	controlsgRNA	1736.0	1701.0	2995.0	7336.0	214.0	8238.0	100.0	3.0	2.0	211.0	1127.0	120.0	592.0	1141.0	41.0	41.0	1.0	732.0	433.0	0.0	1.0	0.0	123.0
gRNA_14741	controlsgRNA	40825.0	25096.0	25976.0	118769.0	17830.0	12660.0	20235.0	260.0	23966.0	16842.0	27315.0	3641.0	11840.0	12192.0	8608.0	6067.0	16850.0	5144.0	529.0	4018.0	27593.0	6453.0	1882.0
gRNA_14742	controlsgRNA	24452.0	25359.0	30536.0	116582.0	17164.0	17093.0	39600.0	643.0	22586.0	29064.0	22239.0	3108.0	6133.0	12549.0	12857.0	10987.0	14465.0	9491.0	8437.0	13931.0	53978.0	156.0	9751.0
gRNA_14743	controlsgRNA	29536.0	21922.0	24356.0	125199.0	8303.0	6301.0	20058.0	300.0	16665.0	19301.0	39369.0	2955.0	333.0	22028.0	25568.0	9101.0	11737.0	8245.0	4177.0	30821.0	40129.0	332.0	5.0
gRNA_14744	controlsgRNA	23596.0	25669.0	28043.0	117444.0	14402.0	11555.0	30597.0	442.0	33545.0	19518.0	40433.0	3519.0	6456.0	40625.0	88970.0	5458.0	12812.0	6420.0	1247.0	28121.0	59824.0	15315.0	15281.0
gRNA_14745	controlsgRNA	28007.0	18947.0	26921.0	178183.0	19294.0	16017.0	49354.0	722.0	18185.0	20766.0	30110.0	4073.0	9532.0	4943.0	81728.0	3923.0	15644.0	11677.0	145.0	3020.0	2665.0	9419.0	3872.0
gRNA_14746	controlsgRNA	52338.0	65240.0	71234.0	322416.0	48002.0	55110.0	76684.0	1171.0	44006.0	55216.0	54006.0	7680.0	21854.0	70539.0	19655.0	6789.0	35504.0	48546.0	7200.0	34441.0	44685.0	51268.0	203856.0
gRNA_14747	controlsgRNA	40729.0	34763.0	39559.0	137535.0	18691.0	18708.0	24278.0	813.0	25941.0	23943.0	35421.0	3851.0	7345.0	10675.0	29261.0	3555.0	22006.0	22612.0	3676.0	21088.0	170489.0	5128.0	5324.0
gRNA_14748	controlsgRNA	43947.0	29878.0	36159.0	265419.0	35580.0	47810.0	55712.0	687.0	21451.0	26426.0	29624.0	4127.0	6952.0	26882.0	115583.0	5420.0	26568.0	9755.0	22352.0	3518.0	19498.0	8545.0	3849.0
gRNA_14749	controlsgRNA	19912.0	24821.0	26710.0	110630.0	8209.0	10685.0	20739.0	863.0	62353.0	31099.0	43646.0	5248.0	15910.0	16110.0	20441.0	3716.0	28781.0	26783.0	1290.0	2291.0	2119.0	8303.0	13423.0
gRNA_14750	controlsgRNA	39612.0	38405.0	42370.0	203641.0	19609.0	33930.0	38022.0	753.0	107000.0	21992.0	32313.0	7809.0	15475.0	114009.0	3665.0	643.0	16854.0	8784.0	2407.0	3402.0	67461.0	9373.0	55375.0
gRNA_14751	controlsgRNA	33885.0	34500.0	48564.0	205310.0	26321.0	56895.0	44575.0	676.0	26215.0	32891.0	27406.0	8265.0	7003.0	14352.0	5373.0	6706.0	20081.0	9150.0	20360.0	19310.0	9981.0	12020.0	8097.0
gRNA_14752	controlsgRNA	27091.0	26227.0	29401.0	116750.0	8564.0	17564.0	28384.0	180.0	18035.0	17061.0	30123.0	5174.0	13719.0	13546.0	1934.0	8675.0	10151.0	33287.0	3930.0	18376.0	4960.0	17667.0	12875.0
gRNA_14753	controlsgRNA	31544.0	24862.0	28305.0	188828.0	14035.0	15389.0	23645.0	351.0	10385.0	16247.0	24914.0	1792.0	2543.0	4181.0	29847.0	4555.0	14167.0	2766.0	1171.0	8770.0	7220.0	4546.0	7025.0
gRNA_14754	controlsgRNA	14324.0	17241.0	18218.0	126590.0	7725.0	8501.0	15428.0	128.0	5989.0	17507.0	22124.0	1912.0	4640.0	26179.0	18591.0	2801.0	8395.0	11007.0	3475.0	4947.0	2526.0	1406.0	31004.0
gRNA_14755	controlsgRNA	18512.0	26978.0	27613.0	85670.0	8465.0	15338.0	17131.0	278.0	19107.0	34014.0	22815.0	3529.0	9266.0	3666.0	3443.0	6415.0	11805.0	12808.0	8459.0	27702.0	5346.0	6597.0	11210.0
gRNA_14756	controlsgRNA	26913.0	30331.0	34257.0	140767.0	26583.0	18360.0	31195.0	556.0	39032.0	43614.0	54513.0	4866.0	19223.0	25570.0	3801.0	9551.0	40974.0	10187.0	1831.0	24886.0	20984.0	12399.0	87988.0
gRNA_14757	controlsgRNA	20340.0	16114.0	18999.0	103778.0	6144.0	10814.0	11934.0	509.0	2346.0	18653.0	20747.0	2158.0	4910.0	7087.0	41382.0	13975.0	6017.0	2367.0	341.0	23778.0	1732.0	309.0	3490.0
gRNA_14758	controlsgRNA	45003.0	28985.0	44618.0	277623.0	31279.0	52554.0	42361.0	431.0	32818.0	29864.0	57750.0	4440.0	7709.0	14797.0	1545.0	2041.0	23829.0	19811.0	145512.0	57615.0	5675.0	1415.0	41925.0
gRNA_14759	controlsgRNA	18509.0	16587.0	21644.0	55745.0	4093.0	15104.0	10720.0	363.0	13525.0	10544.0	16763.0	1280.0	2909.0	4914.0	1558.0	4630.0	779.0	4644.0	475.0	2984.0	2050.0	18947.0	13109.0
gRNA_14760	controlsgRNA	20562.0	15762.0	18072.0	70225.0	4995.0	11474.0	17736.0	495.0	7164.0	11373.0	9627.0	2002.0	1757.0	10539.0	449.0	1227.0	3296.0	11188.0	574.0	11567.0	1860.0	1537.0	1549.0
gRNA_14761	controlsgRNA	36218.0	23957.0	26690.0	172771.0	13640.0	17069.0	29261.0	410.0	24057.0	27132.0	56992.0	5186.0	8787.0	24275.0	24537.0	10279.0	37187.0	15477.0	45827.0	27162.0	77891.0	15530.0	505395.0
gRNA_14762	controlsgRNA	36359.0	36610.0	40666.0	101610.0	11372.0	47152.0	21163.0	582.0	12553.0	24750.0	33124.0	4316.0	5703.0	18012.0	148415.0	5462.0	26709.0	12391.0	25305.0	8612.0	14551.0	14321.0	53858.0
gRNA_14763	controlsgRNA	25033.0	22698.0	25529.0	89657.0	9685.0	10323.0	21007.0	334.0	15155.0	23657.0	26233.0	2405.0	12776.0	30601.0	2744.0	12761.0	14030.0	15279.0	689.0	4175.0	6200.0	14073.0	8786.0
gRNA_14764	controlsgRNA	35383.0	36531.0	39150.0	148670.0	18711.0	21440.0	46378.0	798.0	16099.0	28679.0	21489.0	3473.0	8257.0	21836.0	3311.0	5801.0	7666.0	9682.0	752.0	16173.0	10617.0	7037.0	24868.0
gRNA_14765	controlsgRNA	32921.0	35927.0	44115.0	158687.0	18094.0	38309.0	51521.0	776.0	24292.0	23585.0	36779.0	5199.0	2715.0	17227.0	4638.0	5306.0	9839.0	11853.0	63445.0	15215.0	6473.0	3170.0	131995.0
gRNA_14766	controlsgRNA	22091.0	21269.0	27647.0	181402.0	20104.0	7829.0	32545.0	648.0	22765.0	29593.0	41279.0	5610.0	4051.0	23387.0	75054.0	3376.0	5614.0	20523.0	7543.0	8857.0	28747.0	2782.0	60520.0
gRNA_14767	controlsgRNA	29079.0	19323.0	19080.0	61964.0	5550.0	4002.0	17752.0	464.0	12138.0	17548.0	14804.0	1693.0	7755.0	7970.0	168334.0	2596.0	7282.0	7137.0	911.0	10900.0	2073.0	9078.0	7300.0
gRNA_14768	controlsgRNA	50702.0	49455.0	52845.0	347322.0	41632.0	17702.0	71849.0	659.0	45625.0	27994.0	40171.0	5563.0	15340.0	52185.0	141160.0	5065.0	17301.0	6136.0	24573.0	11377.0	6845.0	70420.0	22693.0
gRNA_14769	controlsgRNA	23061.0	13269.0	22429.0	130085.0	11631.0	14156.0	21539.0	554.0	8116.0	14451.0	18004.0	1806.0	2076.0	8752.0	12021.0	6453.0	9316.0	3251.0	907.0	7170.0	29130.0	2311.0	1565.0
gRNA_14770	controlsgRNA	53758.0	52127.0	58644.0	381130.0	42307.0	27308.0	58928.0	1066.0	54458.0	47818.0	51311.0	6331.0	20170.0	28033.0	13914.0	6581.0	34107.0	25809.0	84741.0	75900.0	103560.0	10642.0	66883.0
gRNA_14771	controlsgRNA	8970.0	16256.0	18977.0	20668.0	1072.0	7213.0	3934.0	47.0	6543.0	19599.0	15834.0	847.0	9158.0	11395.0	969.0	1821.0	11245.0	8571.0	5302.0	998.0	7249.0	1276.0	5819.0
gRNA_14772	controlsgRNA	28678.0	29384.0	33507.0	187471.0	16771.0	20257.0	31346.0	922.0	25508.0	23915.0	29064.0	5531.0	6173.0	20027.0	87738.0	8713.0	25545.0	9010.0	2405.0	21847.0	8172.0	25257.0	5144.0
gRNA_14773	controlsgRNA	26027.0	23660.0	29217.0	128347.0	15540.0	28311.0	22355.0	650.0	29643.0	28008.0	22108.0	3398.0	8749.0	15385.0	3178.0	3021.0	18831.0	13859.0	886.0	15759.0	8681.0	4710.0	19721.0
gRNA_14774	controlsgRNA	31821.0	28392.0	32582.0	167689.0	20650.0	13214.0	33986.0	656.0	16590.0	14721.0	23372.0	3830.0	2478.0	12482.0	68583.0	3579.0	25882.0	15658.0	363.0	9704.0	103738.0	5892.0	10907.0
gRNA_14775	controlsgRNA	25610.0	14207.0	21030.0	65030.0	4673.0	3493.0	9975.0	265.0	24864.0	15252.0	20701.0	2192.0	5439.0	6963.0	1015.0	7732.0	9417.0	10885.0	1378.0	10668.0	2840.0	3004.0	9060.0
gRNA_14776	controlsgRNA	24345.0	38184.0	49573.0	203427.0	21150.0	36573.0	46857.0	1141.0	43802.0	24145.0	58956.0	4355.0	29967.0	30370.0	2294.0	14377.0	18150.0	6858.0	121974.0	27656.0	5145.0	15908.0	74286.0
gRNA_14777	controlsgRNA	38128.0	32028.0	38859.0	153172.0	29240.0	32689.0	56600.0	1077.0	38181.0	39227.0	43709.0	4912.0	11964.0	14763.0	107271.0	5467.0	22988.0	23408.0	4172.0	9399.0	47201.0	70540.0	103941.0
gRNA_14778	controlsgRNA	41881.0	20592.0	20824.0	76292.0	7304.0	17479.0	14146.0	353.0	8872.0	14050.0	14696.0	3167.0	3016.0	4612.0	2311.0	1064.0	12105.0	6228.0	1017.0	13091.0	11683.0	7470.0	134.0
gRNA_14779	controlsgRNA	37264.0	27701.0	34121.0	192779.0	30998.0	34052.0	61903.0	1400.0	19273.0	20358.0	30083.0	2895.0	3217.0	16349.0	17379.0	6505.0	29440.0	8578.0	1280.0	3781.0	70988.0	994.0	1530.0
gRNA_14780	controlsgRNA	57739.0	32604.0	38370.0	183986.0	19689.0	13125.0	45176.0	987.0	25496.0	26909.0	27703.0	6952.0	10559.0	29241.0	20452.0	11693.0	22779.0	10970.0	242462.0	10798.0	6460.0	6648.0	3042.0
gRNA_14781	controlsgRNA	679.0	817.0	565.0	9762.0	812.0	5781.0	236.0	23.0	0.0	0.0	257.0	0.0	0.0	1.0	0.0	0.0	7.0	1.0	1.0	0.0	273.0	0.0	0.0
gRNA_14782	controlsgRNA	41996.0	25543.0	29405.0	160802.0	18917.0	16440.0	31043.0	349.0	28177.0	14811.0	25670.0	5896.0	7740.0	10396.0	1420.0	2046.0	16392.0	10305.0	7312.0	437.0	12448.0	10291.0	4286.0
gRNA_14783	controlsgRNA	44874.0	40994.0	45327.0	245481.0	47947.0	41643.0	60428.0	689.0	52763.0	23426.0	32921.0	4587.0	14047.0	24848.0	1700.0	417.0	14354.0	12250.0	6280.0	27335.0	12972.0	1728.0	7735.0
gRNA_14784	controlsgRNA	33817.0	24490.0	32909.0	166806.0	14729.0	26744.0	30800.0	401.0	17936.0	27791.0	53175.0	3147.0	6942.0	8169.0	9178.0	13124.0	15797.0	15232.0	60639.0	91929.0	3344.0	2260.0	124.0
gRNA_14785	controlsgRNA	27143.0	36434.0	49156.0	235501.0	18030.0	24287.0	40090.0	878.0	40024.0	46812.0	44909.0	5212.0	14786.0	72531.0	147031.0	1768.0	37905.0	21507.0	2942.0	37682.0	17108.0	51428.0	64691.0
gRNA_14786	controlsgRNA	15177.0	8988.0	9839.0	106307.0	15761.0	9803.0	9999.0	465.0	5364.0	4570.0	3249.0	142.0	4086.0	14529.0	395.0	1872.0	4.0	1561.0	215.0	41050.0	203.0	1.0	28930.0
gRNA_14787	controlsgRNA	30065.0	21345.0	24616.0	116502.0	16184.0	15845.0	25658.0	862.0	30704.0	17065.0	40685.0	999.0	4490.0	72337.0	7151.0	8624.0	12634.0	7360.0	1819.0	11141.0	2902.0	7303.0	5.0
gRNA_14788	controlsgRNA	34654.0	27122.0	30921.0	116613.0	12159.0	15617.0	31946.0	395.0	13220.0	22498.0	19436.0	2837.0	7771.0	24049.0	232057.0	2284.0	5906.0	14846.0	1742.0	85942.0	12372.0	8284.0	47888.0
gRNA_14789	controlsgRNA	21474.0	24241.0	25564.0	70708.0	5317.0	18673.0	19028.0	259.0	10209.0	19421.0	21298.0	2323.0	3207.0	21614.0	1473.0	2560.0	11951.0	5647.0	16794.0	17948.0	39175.0	15040.0	16402.0
gRNA_14790	controlsgRNA	29104.0	15851.0	23159.0	109427.0	4985.0	14740.0	16489.0	488.0	11554.0	14195.0	16121.0	3227.0	14287.0	8435.0	1698.0	2711.0	11840.0	11320.0	1254.0	27882.0	3827.0	114343.0	6384.0
gRNA_14791	controlsgRNA	43899.0	33165.0	44166.0	168814.0	21137.0	36081.0	35856.0	1445.0	32624.0	36046.0	41950.0	6087.0	10309.0	13034.0	60771.0	1880.0	41636.0	15613.0	6139.0	30323.0	88583.0	6215.0	12256.0
gRNA_14792	controlsgRNA	42966.0	36733.0	39149.0	162042.0	11606.0	32935.0	37280.0	508.0	37480.0	27339.0	41641.0	4666.0	5063.0	27331.0	3579.0	7377.0	24833.0	4752.0	396529.0	3922.0	22339.0	6837.0	38463.0
gRNA_14793	controlsgRNA	30654.0	30930.0	46134.0	196998.0	7939.0	43658.0	41123.0	529.0	29074.0	50803.0	44731.0	4658.0	18436.0	42344.0	5227.0	6564.0	22473.0	30205.0	836.0	30881.0	2032.0	6108.0	2967.0
gRNA_14794	controlsgRNA	23416.0	27521.0	29655.0	206724.0	22097.0	30039.0	30277.0	647.0	34874.0	25399.0	32394.0	3185.0	5274.0	33912.0	79565.0	539.0	13517.0	5886.0	9363.0	11224.0	20591.0	28564.0	10167.0
gRNA_14795	controlsgRNA	31970.0	32998.0	42741.0	177706.0	16827.0	36714.0	28595.0	977.0	37164.0	36984.0	56898.0	6686.0	17410.0	33372.0	4613.0	6033.0	29286.0	23497.0	126927.0	32870.0	186035.0	32475.0	10219.0
gRNA_14796	controlsgRNA	27130.0	23565.0	26908.0	100669.0	8358.0	6602.0	16755.0	579.0	10222.0	18551.0	15760.0	3963.0	3694.0	22399.0	1639.0	7289.0	17233.0	8753.0	5476.0	6430.0	13613.0	19598.0	3145.0
gRNA_14797	controlsgRNA	32364.0	28708.0	35803.0	132272.0	12698.0	32874.0	29058.0	1152.0	27359.0	34703.0	25239.0	3587.0	9684.0	32032.0	2284.0	7488.0	18018.0	13088.0	17777.0	16392.0	1371.0	23196.0	38073.0
gRNA_14798	controlsgRNA	18944.0	19573.0	28415.0	157639.0	13996.0	20461.0	19688.0	550.0	13110.0	11665.0	18153.0	2168.0	9093.0	29229.0	1085.0	3263.0	8228.0	2006.0	626.0	10604.0	3560.0	1289.0	158686.0
gRNA_14799	controlsgRNA	24102.0	14340.0	18655.0	83795.0	5890.0	4596.0	22976.0	337.0	9725.0	26215.0	15235.0	1849.0	1916.0	10041.0	95927.0	775.0	3274.0	4005.0	1174.0	3123.0	26126.0	3333.0	106740.0
gRNA_14800	controlsgRNA	30128.0	39574.0	39656.0	148748.0	11457.0	32424.0	31690.0	744.0	35989.0	42593.0	47036.0	3657.0	19949.0	29644.0	2919.0	7652.0	20505.0	5956.0	928.0	18808.0	4503.0	5817.0	26226.0
gRNA_14801	controlsgRNA	37256.0	29421.0	41841.0	220980.0	20708.0	18267.0	45958.0	642.0	37860.0	25724.0	22203.0	2970.0	7796.0	21966.0	6625.0	1302.0	21096.0	28562.0	2746.0	15597.0	71755.0	13300.0	22259.0
gRNA_14802	controlsgRNA	31354.0	36144.0	49487.0	252748.0	40546.0	43955.0	62140.0	793.0	46551.0	29386.0	34303.0	6432.0	10505.0	43944.0	144536.0	1629.0	53766.0	7022.0	7414.0	14385.0	17878.0	45791.0	115737.0
gRNA_14803	controlsgRNA	37077.0	34916.0	34996.0	131009.0	17450.0	23286.0	25907.0	484.0	41244.0	35174.0	46741.0	7982.0	9436.0	37167.0	3729.0	7820.0	14296.0	10744.0	4881.0	5710.0	18189.0	8457.0	19723.0
gRNA_14804	controlsgRNA	31447.0	34259.0	33020.0	173064.0	13405.0	12163.0	22125.0	682.0	18614.0	15617.0	22157.0	4420.0	16825.0	25006.0	2279.0	2643.0	20794.0	18600.0	37206.0	17432.0	24749.0	2083.0	9949.0
gRNA_14805	controlsgRNA	23044.0	28845.0	36484.0	146139.0	14320.0	37740.0	32992.0	764.0	76605.0	43604.0	37129.0	7169.0	14455.0	21135.0	8463.0	6707.0	27667.0	20473.0	105409.0	54953.0	19380.0	30848.0	231061.0
gRNA_14806	controlsgRNA	12616.0	15992.0	16472.0	84386.0	6843.0	12293.0	30061.0	182.0	25345.0	17378.0	20382.0	5380.0	2980.0	31435.0	816.0	3242.0	16343.0	30883.0	7748.0	2607.0	1495.0	9682.0	1210.0
gRNA_14807	controlsgRNA	37411.0	39860.0	47551.0	232177.0	34186.0	40253.0	56180.0	1839.0	23679.0	36368.0	40351.0	5737.0	13471.0	22398.0	2562.0	6642.0	56462.0	13365.0	25488.0	21219.0	6279.0	18889.0	33547.0
gRNA_14808	controlsgRNA	49494.0	61769.0	75874.0	408763.0	50205.0	60764.0	84169.0	1552.0	73628.0	59941.0	63944.0	11953.0	20091.0	33504.0	10687.0	9136.0	40037.0	7598.0	38438.0	17636.0	176667.0	20164.0	47114.0
gRNA_14809	controlsgRNA	18850.0	15910.0	18980.0	119632.0	8298.0	27479.0	11109.0	161.0	12256.0	15133.0	9813.0	751.0	2920.0	6606.0	35821.0	2829.0	6073.0	3373.0	82438.0	6253.0	4031.0	84.0	1988.0
gRNA_14810	controlsgRNA	41823.0	36711.0	45409.0	169530.0	8417.0	38104.0	26277.0	685.0	44612.0	26990.0	43230.0	9046.0	6963.0	26461.0	2893.0	9471.0	25634.0	35477.0	48273.0	30969.0	1664.0	6280.0	6196.0
gRNA_14811	controlsgRNA	42200.0	35839.0	42233.0	331550.0	52110.0	38676.0	57333.0	2008.0	13657.0	28328.0	33756.0	5398.0	18025.0	3599.0	38056.0	181.0	18907.0	11267.0	1809.0	60351.0	15170.0	2608.0	38928.0
gRNA_14812	controlsgRNA	26606.0	26349.0	27577.0	165611.0	31232.0	20709.0	29654.0	600.0	22565.0	18625.0	15238.0	1663.0	3487.0	15206.0	4755.0	4447.0	14482.0	2385.0	15926.0	1980.0	20754.0	4564.0	56929.0
gRNA_14813	controlsgRNA	22508.0	18829.0	20511.0	85080.0	4951.0	9202.0	9608.0	381.0	29642.0	14926.0	13311.0	2406.0	12750.0	8658.0	119478.0	2768.0	18059.0	11663.0	993.0	8258.0	225.0	11051.0	31252.0
gRNA_14814	controlsgRNA	20357.0	14592.0	19061.0	178262.0	12949.0	10832.0	18193.0	534.0	16499.0	8377.0	23279.0	2787.0	7326.0	6649.0	17244.0	1856.0	11508.0	1105.0	2539.0	824.0	84623.0	10749.0	29528.0
gRNA_14815	controlsgRNA	24115.0	38009.0	38195.0	137674.0	10877.0	10991.0	26827.0	417.0	41386.0	22873.0	28355.0	3658.0	10375.0	40893.0	234575.0	425.0	13380.0	13157.0	1595.0	34305.0	1389.0	22918.0	19745.0
gRNA_14816	controlsgRNA	42337.0	44623.0	46580.0	237680.0	31028.0	46443.0	50113.0	1384.0	26648.0	42735.0	49712.0	5787.0	9004.0	27512.0	7686.0	14198.0	27039.0	21801.0	7073.0	9659.0	24458.0	16161.0	19161.0
gRNA_14817	controlsgRNA	12348.0	7534.0	14718.0	38747.0	3746.0	11422.0	10775.0	147.0	4452.0	7474.0	10448.0	1260.0	6395.0	1890.0	643.0	3227.0	5921.0	7590.0	672.0	15746.0	1319.0	508.0	4152.0
gRNA_14818	controlsgRNA	27258.0	33458.0	39621.0	145878.0	10729.0	20071.0	20552.0	314.0	27264.0	19289.0	28828.0	4031.0	11373.0	8278.0	2231.0	4997.0	17937.0	6032.0	74726.0	3772.0	96299.0	4339.0	38043.0
gRNA_14819	controlsgRNA	34470.0	33454.0	41220.0	265224.0	17732.0	32226.0	31760.0	985.0	20605.0	37310.0	50158.0	8319.0	22265.0	13343.0	8987.0	5617.0	57604.0	15879.0	985.0	28449.0	5762.0	20047.0	101526.0
gRNA_14820	controlsgRNA	30517.0	29739.0	30896.0	123768.0	12919.0	9903.0	21834.0	373.0	23725.0	16715.0	23141.0	4173.0	23099.0	40940.0	144582.0	4482.0	19517.0	17999.0	1773.0	2342.0	4812.0	64351.0	26245.0
gRNA_14821	controlsgRNA	22904.0	28373.0	37498.0	189200.0	9917.0	12972.0	28942.0	792.0	32186.0	48105.0	29783.0	1944.0	6847.0	36890.0	66901.0	7001.0	26923.0	11079.0	2119.0	21327.0	6293.0	15486.0	14804.0
gRNA_14822	controlsgRNA	17668.0	23947.0	29666.0	94378.0	12002.0	5888.0	25263.0	686.0	12630.0	20997.0	19897.0	2303.0	3648.0	18850.0	2900.0	4708.0	8234.0	6190.0	2283.0	43332.0	4422.0	15918.0	29851.0
gRNA_14823	controlsgRNA	34278.0	27828.0	28380.0	115011.0	18205.0	18912.0	51446.0	539.0	23324.0	27448.0	13922.0	3472.0	5664.0	32522.0	10707.0	3558.0	18051.0	15085.0	1163.0	21170.0	2092.0	31346.0	12311.0
gRNA_14824	controlsgRNA	18507.0	15351.0	21555.0	79426.0	18682.0	11960.0	25630.0	509.0	3907.0	10701.0	10009.0	573.0	16242.0	8357.0	1441.0	1319.0	5727.0	14296.0	69.0	2186.0	3515.0	658.0	3061.0
gRNA_14825	controlsgRNA	32950.0	27811.0	32026.0	109669.0	11325.0	8513.0	24988.0	520.0	20574.0	25437.0	32646.0	4544.0	7351.0	8316.0	131329.0	4525.0	24702.0	21638.0	2341.0	24492.0	34638.0	23362.0	2681.0
gRNA_14826	controlsgRNA	33106.0	39392.0	48149.0	141633.0	10825.0	22933.0	34025.0	635.0	45646.0	42131.0	54205.0	6697.0	4595.0	68216.0	32354.0	6976.0	36363.0	14120.0	2211.0	25575.0	87722.0	17394.0	28429.0
gRNA_14827	controlsgRNA	40812.0	32459.0	43901.0	295424.0	53124.0	34113.0	76802.0	887.0	27916.0	27755.0	27528.0	4456.0	11108.0	48122.0	2306.0	10643.0	36892.0	34540.0	41518.0	4202.0	10902.0	16946.0	5887.0
gRNA_14828	controlsgRNA	22762.0	14317.0	20450.0	70882.0	4469.0	9348.0	14301.0	227.0	6048.0	19586.0	22123.0	3344.0	14911.0	9599.0	3324.0	16430.0	29951.0	6712.0	18230.0	30960.0	2728.0	6767.0	26158.0
gRNA_14829	controlsgRNA	44664.0	42147.0	50757.0	269901.0	34523.0	22670.0	53466.0	1000.0	44053.0	30850.0	65558.0	3189.0	17493.0	59391.0	14398.0	7504.0	20502.0	18599.0	2931.0	16082.0	67540.0	6585.0	27694.0
gRNA_14830	controlsgRNA	51283.0	40323.0	49641.0	266685.0	36486.0	27248.0	76050.0	1107.0	36001.0	35266.0	40661.0	4592.0	8603.0	82476.0	123863.0	4442.0	47190.0	4851.0	38375.0	22729.0	54721.0	25292.0	36717.0
gRNA_14831	controlsgRNA	29168.0	27303.0	35946.0	109799.0	13142.0	27212.0	26981.0	721.0	22663.0	26213.0	29862.0	7618.0	13054.0	35798.0	97094.0	9731.0	22846.0	18715.0	11677.0	29545.0	51894.0	15496.0	21683.0
gRNA_14832	controlsgRNA	51625.0	50847.0	61386.0	340616.0	30955.0	18169.0	65875.0	1308.0	56724.0	41785.0	76688.0	6952.0	19457.0	39083.0	4397.0	13708.0	33940.0	17456.0	27987.0	84385.0	383042.0	24419.0	61943.0
gRNA_14833	controlsgRNA	38285.0	37569.0	45677.0	185270.0	20286.0	56847.0	45879.0	685.0	58389.0	26677.0	35513.0	2502.0	13862.0	17330.0	2143.0	2337.0	40502.0	23061.0	42583.0	12758.0	40747.0	58187.0	59043.0
gRNA_14834	controlsgRNA	38524.0	28941.0	33169.0	111796.0	18119.0	25506.0	37756.0	266.0	35322.0	19188.0	40757.0	3432.0	6646.0	45529.0	58081.0	3886.0	10558.0	7988.0	1137.0	22278.0	29793.0	20681.0	1173.0
