sgRNA	gene	lib	input	d5	d15-rep1	d15-rep2	d15-rep3	d15-rep4	d15-rep5	spleen1	spleen2	spleen3	spleen4	spleen5	bm1	bm2	bm3	bm4	bm5	men1	men2	men3	men4	men5
gRNA_2	Abl1	3604.0	7590.0	3417.0	6.0	1535.0	2523.0	184.0	33.0	4800.0	4456.0	3866.0	11810.0	1497.0	7358.0	4098.0	1230.0	9038.0	14230.0	9640.0	4726.0	6538.0	1239.0	10384.0
gRNA_85	Akt1	18935.0	11979.0	21539.0	451.0	38580.0	41832.0	6563.0	4879.0	7848.0	15799.0	11206.0	23486.0	6408.0	9289.0	5095.0	8046.0	5962.0	16375.0	17775.0	1296.0	38155.0	1397.0	2855.0
gRNA_871	Arid2	44200.0	24893.0	44670.0	1092.0	81078.0	107904.0	12790.0	7223.0	13168.0	7618.0	15132.0	35578.0	7797.0	26193.0	3120.0	17765.0	12595.0	32601.0	30297.0	848.0	4657.0	5610.0	16731.0
gRNA_895	Arid5b	4691.0	6452.0	20236.0	676.0	24128.0	41348.0	2841.0	2509.0	5706.0	8427.0	7963.0	19342.0	4850.0	12940.0	716.0	12555.0	5107.0	20734.0	16853.0	4544.0	9143.0	1728.0	16727.0
gRNA_896	Arid5b	15547.0	13045.0	31390.0	276.0	41479.0	88768.0	5330.0	2186.0	11753.0	20724.0	17069.0	37804.0	7908.0	67251.0	24916.0	25309.0	7876.0	19670.0	36078.0	3057.0	14803.0	4916.0	3928.0
gRNA_1000	Atm	30900.0	19495.0	39258.0	623.0	43212.0	139482.0	8438.0	5556.0	16112.0	19130.0	61173.0	60885.0	17572.0	21254.0	13527.0	30806.0	9017.0	33008.0	44877.0	9777.0	16131.0	8213.0	32099.0
gRNA_1036	Atm	8259.0	6556.0	16365.0	692.0	32000.0	47839.0	3992.0	3164.0	5669.0	4473.0	5925.0	21711.0	4911.0	5133.0	10549.0	2181.0	6069.0	5798.0	4572.0	3186.0	1123.0	872.0	1322.0
gRNA_1149	Atrx	11727.0	8726.0	22037.0	254.0	28780.0	32686.0	2884.0	1658.0	5380.0	12011.0	3446.0	20902.0	2714.0	7938.0	3710.0	6400.0	5048.0	32573.0	5843.0	54.0	1235.0	5431.0	34026.0
gRNA_1322	Bap1	22857.0	15835.0	36123.0	574.0	55222.0	75506.0	6775.0	3376.0	17324.0	25160.0	29395.0	60510.0	15361.0	55055.0	29581.0	33562.0	20889.0	17113.0	34557.0	4526.0	1400.0	16205.0	4919.0
gRNA_1337	Bap1	23104.0	21250.0	34463.0	371.0	30517.0	69224.0	6114.0	2380.0	9455.0	7321.0	15386.0	33318.0	2289.0	39818.0	8262.0	7986.0	5595.0	8702.0	22983.0	112.0	31644.0	5216.0	1264.0
gRNA_1343	Bap1	17790.0	8689.0	21239.0	180.0	25492.0	42613.0	4343.0	1676.0	11738.0	18303.0	23245.0	31962.0	8256.0	24068.0	9267.0	62486.0	7885.0	16048.0	18503.0	8634.0	1173.0	5203.0	3641.0
gRNA_1376	Bcl2	14635.0	13687.0	12849.0	165.0	21810.0	27291.0	3538.0	1633.0	6117.0	8042.0	10095.0	16665.0	5951.0	12544.0	2294.0	3815.0	3871.0	11176.0	53482.0	5165.0	2169.0	1138.0	2021.0
gRNA_1381	Bcl2	19694.0	11015.0	24722.0	387.0	22586.0	37384.0	4739.0	3097.0	11276.0	8418.0	3718.0	31269.0	6468.0	25727.0	12532.0	12375.0	8593.0	24942.0	43947.0	4533.0	1197.0	19043.0	15960.0
gRNA_1382	Bcl2	15363.0	6530.0	16886.0	451.0	47264.0	49303.0	5619.0	5241.0	4710.0	7823.0	5265.0	21534.0	1666.0	14196.0	22328.0	7513.0	5368.0	6447.0	3491.0	3.0	1131.0	13383.0	734.0
gRNA_1383	Bcl2	19917.0	15631.0	19021.0	1284.0	43561.0	52769.0	6697.0	6429.0	8540.0	22402.0	12234.0	28573.0	9062.0	16275.0	69664.0	21436.0	11586.0	19541.0	8752.0	706.0	14183.0	9818.0	4371.0
gRNA_1551	Braf	34568.0	44973.0	52257.0	457.0	69881.0	79703.0	6568.0	3133.0	14245.0	17628.0	37629.0	32890.0	11942.0	25764.0	10315.0	14706.0	10437.0	22196.0	8507.0	23404.0	29123.0	9079.0	21946.0
gRNA_1726	Card11	11924.0	11609.0	14273.0	128.0	13579.0	38105.0	2011.0	914.0	6145.0	10643.0	9161.0	27832.0	5192.0	21072.0	23783.0	16670.0	8450.0	15404.0	11119.0	691.0	52067.0	8641.0	2252.0
gRNA_1977	Cd79a	15610.0	9383.0	31194.0	361.0	21540.0	32335.0	2812.0	1132.0	8858.0	5126.0	5587.0	16860.0	6568.0	16622.0	7501.0	19370.0	5441.0	18154.0	22486.0	1106.0	25.0	6688.0	45807.0
gRNA_2134	Chek2	13882.0	15672.0	18720.0	212.0	17004.0	55628.0	2521.0	901.0	7143.0	8498.0	7338.0	32194.0	6990.0	25257.0	8578.0	16220.0	8292.0	6945.0	14349.0	2225.0	492.0	2107.0	15690.0
gRNA_2265	Crebbp	20219.0	13061.0	19344.0	434.0	28429.0	56642.0	3171.0	3067.0	7177.0	8175.0	28699.0	30274.0	8403.0	12068.0	7973.0	55922.0	6853.0	15357.0	9080.0	674.0	2702.0	6738.0	3735.0
gRNA_2385	Csf3r	38230.0	30584.0	46735.0	724.0	57139.0	99761.0	11015.0	5384.0	21487.0	26369.0	41799.0	58723.0	20611.0	69846.0	60296.0	59750.0	20319.0	32089.0	34937.0	9376.0	22984.0	21993.0	8913.0
gRNA_2401	Ctcf	17580.0	11953.0	14590.0	167.0	23528.0	37112.0	3421.0	1689.0	3655.0	6475.0	9390.0	15965.0	5124.0	11799.0	810.0	878.0	3971.0	14160.0	6276.0	2.0	15816.0	3667.0	814.0
gRNA_2474	Ctnnb1	11782.0	7621.0	9777.0	279.0	7486.0	26091.0	1727.0	1074.0	12806.0	4915.0	4670.0	17998.0	5746.0	12207.0	3045.0	16558.0	2945.0	5367.0	3274.0	1083.0	225.0	748.0	1129.0
gRNA_2569	Daxx	16751.0	10136.0	44819.0	878.0	81145.0	103498.0	9321.0	8084.0	14679.0	25687.0	32104.0	63898.0	7090.0	46327.0	11139.0	18838.0	18747.0	26654.0	16280.0	1979.0	2729.0	8096.0	124147.0
gRNA_2658	Dis3	21341.0	16597.0	26417.0	726.0	49307.0	72631.0	7166.0	4620.0	10787.0	14404.0	61055.0	39099.0	10152.0	19939.0	20883.0	25046.0	17123.0	30282.0	47533.0	50087.0	14442.0	11886.0	10491.0
gRNA_2703	Dnmt3a	14759.0	14273.0	23815.0	517.0	53585.0	85693.0	5896.0	3802.0	13637.0	19916.0	21362.0	34196.0	11086.0	19913.0	13828.0	8819.0	12947.0	11251.0	15181.0	68129.0	6756.0	12544.0	20704.0
gRNA_2747	Dnmt3a	15078.0	10957.0	22120.0	207.0	28711.0	55284.0	5385.0	1474.0	12225.0	15761.0	21050.0	33885.0	11201.0	10151.0	10000.0	30117.0	11811.0	50704.0	23194.0	2064.0	2297.0	9095.0	8114.0
gRNA_2775	Dnmt3a	21895.0	13634.0	45656.0	1306.0	78118.0	132593.0	15781.0	10435.0	25210.0	25505.0	18048.0	72683.0	14029.0	58237.0	29577.0	44917.0	14426.0	36958.0	59301.0	4135.0	7555.0	4180.0	7720.0
gRNA_2810	Dnmt3a	24191.0	14674.0	38052.0	1291.0	89318.0	104791.0	12129.0	10493.0	10733.0	24179.0	40251.0	37687.0	5623.0	20470.0	21836.0	14442.0	16868.0	26507.0	29591.0	24373.0	39605.0	10680.0	4698.0
gRNA_3011	Egfr	26205.0	23572.0	41798.0	572.0	65392.0	123362.0	7363.0	3572.0	20065.0	17977.0	30894.0	54569.0	12667.0	65384.0	10621.0	51787.0	12406.0	34720.0	45498.0	66434.0	86170.0	29491.0	7400.0
gRNA_3012	Egfr	16179.0	15947.0	37581.0	158.0	31510.0	41378.0	4417.0	1277.0	13475.0	17715.0	28017.0	50821.0	11110.0	30176.0	12484.0	35815.0	18423.0	46379.0	16325.0	2217.0	1684.0	21897.0	76442.0
gRNA_3031	Eif1ad19	25831.0	18011.0	24179.0	139.0	34488.0	57941.0	5701.0	1122.0	15750.0	12722.0	20829.0	48536.0	11346.0	24077.0	22498.0	17849.0	8489.0	30510.0	46249.0	21647.0	6496.0	10341.0	17150.0
gRNA_3084	Ep300	5923.0	4674.0	13524.0	85.0	8653.0	27309.0	909.0	422.0	2743.0	4144.0	11627.0	10672.0	2835.0	18280.0	21177.0	24614.0	3394.0	7385.0	1101.0	2091.0	7159.0	850.0	14782.0
gRNA_3086	Ep300	10932.0	9184.0	26202.0	477.0	28296.0	57799.0	4458.0	2500.0	11336.0	17639.0	12167.0	39401.0	6750.0	27752.0	55021.0	26098.0	8492.0	14376.0	18372.0	5566.0	9699.0	11885.0	22010.0
gRNA_3107	Ep300	15194.0	9568.0	25837.0	296.0	23720.0	61195.0	3437.0	1964.0	11720.0	12984.0	16581.0	31126.0	9537.0	27720.0	9844.0	32405.0	8212.0	40374.0	35108.0	27807.0	1434.0	5508.0	46919.0
gRNA_3522	Erbb3	20924.0	8649.0	28605.0	768.0	48168.0	97175.0	10899.0	5999.0	14152.0	18137.0	23523.0	43713.0	8809.0	20515.0	12083.0	10656.0	14348.0	25990.0	43216.0	18221.0	6450.0	2871.0	3248.0
gRNA_3523	Erbb3	15133.0	12891.0	27312.0	359.0	26269.0	57619.0	4414.0	3622.0	11081.0	14212.0	36402.0	33819.0	11543.0	15867.0	13859.0	11944.0	11389.0	9681.0	45387.0	6101.0	1018.0	6962.0	4562.0
gRNA_3524	Erbb3	18729.0	19409.0	28499.0	403.0	34268.0	64384.0	7037.0	2373.0	9390.0	9754.0	15596.0	39599.0	5994.0	23735.0	7129.0	18103.0	7904.0	26028.0	30875.0	618.0	1299.0	10832.0	81619.0
gRNA_3525	Erbb3	16402.0	14120.0	22920.0	115.0	19873.0	35370.0	3131.0	994.0	11241.0	12117.0	10784.0	31390.0	7704.0	13270.0	5728.0	13348.0	9571.0	43785.0	4146.0	3390.0	902.0	12966.0	17996.0
gRNA_3570	Erbb3	26907.0	20828.0	42051.0	527.0	57103.0	107207.0	8212.0	4138.0	15613.0	19379.0	27970.0	59481.0	12151.0	29935.0	12846.0	26437.0	19096.0	33776.0	29370.0	3086.0	14938.0	3739.0	30145.0
gRNA_3579	Erbb3	10075.0	8422.0	22196.0	409.0	27258.0	43282.0	5569.0	5038.0	4998.0	5842.0	14426.0	17253.0	2884.0	28994.0	9011.0	17757.0	7694.0	18634.0	16502.0	2059.0	1293.0	9047.0	1779.0
gRNA_3580	Erbb3	17984.0	12294.0	32287.0	662.0	50986.0	76177.0	6724.0	3633.0	16078.0	13002.0	19228.0	69451.0	6188.0	36831.0	5891.0	34137.0	10066.0	21867.0	19591.0	301.0	4164.0	13520.0	6904.0
gRNA_3677	Ercc2	47268.0	38019.0	56136.0	845.0	82057.0	157282.0	9619.0	7008.0	24277.0	22052.0	58722.0	77176.0	18897.0	46411.0	22159.0	44062.0	36449.0	43969.0	36541.0	9673.0	403806.0	14556.0	19037.0
gRNA_3686	Ercc2	19462.0	18156.0	30696.0	283.0	32902.0	70912.0	5073.0	1962.0	14333.0	9952.0	35568.0	42764.0	12330.0	43980.0	4275.0	20852.0	7102.0	10533.0	35808.0	986.0	6.0	15312.0	7918.0
gRNA_3698	Ercc2	37379.0	32198.0	58003.0	573.0	78058.0	140479.0	9914.0	5350.0	24579.0	30225.0	36937.0	78713.0	12357.0	100639.0	25616.0	23051.0	20543.0	57834.0	57635.0	117870.0	55141.0	9628.0	14956.0
gRNA_3703	Ercc2	21048.0	10527.0	13303.0	420.0	21764.0	62994.0	2813.0	2270.0	5397.0	7663.0	19284.0	18368.0	6739.0	4448.0	10770.0	22093.0	3527.0	17364.0	3790.0	1760.0	12652.0	692.0	1002.0
gRNA_3905	Etv6	15474.0	14212.0	19122.0	332.0	28214.0	72135.0	4121.0	2314.0	11632.0	12522.0	19970.0	28088.0	11850.0	35263.0	4911.0	18549.0	12892.0	9730.0	34783.0	3296.0	2281.0	5245.0	20105.0
gRNA_3906	Etv6	7784.0	6408.0	5521.0	48.0	9258.0	12213.0	332.0	521.0	1286.0	748.0	1152.0	4137.0	3466.0	4110.0	515.0	4003.0	3594.0	9325.0	514.0	398.0	2.0	222.0	2375.0
gRNA_3909	Etv6	26147.0	17124.0	32142.0	314.0	33117.0	60264.0	4338.0	1916.0	22545.0	16812.0	12038.0	46017.0	13127.0	59179.0	17066.0	32031.0	14326.0	47817.0	23527.0	12986.0	737.0	690.0	6449.0
gRNA_4033	Fat1	33074.0	25632.0	59622.0	1492.0	123021.0	152908.0	18903.0	9315.0	31211.0	33479.0	86150.0	87549.0	20079.0	49503.0	36817.0	56090.0	20769.0	34689.0	70318.0	2936.0	30891.0	3978.0	10539.0
gRNA_4195	Fgf4	61290.0	42384.0	46608.0	1416.0	79916.0	101969.0	15532.0	13294.0	25700.0	44694.0	113932.0	85611.0	20708.0	47631.0	13611.0	21324.0	23128.0	34618.0	59620.0	31077.0	16725.0	4825.0	50877.0
gRNA_4440	Flt3	34580.0	20067.0	43784.0	1198.0	92057.0	99947.0	14896.0	6478.0	30504.0	15277.0	31220.0	91751.0	27364.0	63012.0	13196.0	14747.0	14615.0	79150.0	37958.0	7474.0	35996.0	14598.0	7357.0
gRNA_4461	Flt3	12618.0	11598.0	27198.0	588.0	27102.0	53502.0	3104.0	1939.0	7149.0	8086.0	13694.0	30818.0	7635.0	22480.0	978.0	4985.0	10971.0	11618.0	36270.0	3182.0	38339.0	21225.0	9455.0
gRNA_4577	Foxa1	19979.0	9108.0	20458.0	420.0	20739.0	42246.0	4366.0	2438.0	7361.0	8921.0	18891.0	29664.0	7527.0	14497.0	5436.0	12850.0	6944.0	8675.0	10577.0	5827.0	33924.0	7015.0	5590.0
gRNA_4578	Foxa1	10818.0	6237.0	15716.0	109.0	9612.0	30697.0	2774.0	1086.0	3930.0	7257.0	12002.0	19692.0	5645.0	14778.0	9331.0	14968.0	13022.0	10829.0	8486.0	957.0	236.0	2722.0	3590.0
gRNA_4621	Foxo1	6263.0	4186.0	5454.0	55.0	4581.0	9110.0	1352.0	1302.0	2060.0	7493.0	2530.0	14181.0	1020.0	2340.0	779.0	1882.0	2432.0	1848.0	512.0	940.0	3872.0	2104.0	1580.0
gRNA_4628	Foxo1	15811.0	8409.0	15251.0	206.0	17296.0	42549.0	2076.0	827.0	4291.0	9697.0	6246.0	21613.0	2508.0	8548.0	10144.0	1912.0	1581.0	1273.0	5573.0	1506.0	2960.0	6305.0	488.0
gRNA_4735	Gata2	24340.0	16733.0	27979.0	2307.0	77149.0	84642.0	9691.0	6136.0	16305.0	16427.0	28362.0	31734.0	12110.0	24116.0	5378.0	21637.0	15081.0	23884.0	34495.0	2191.0	5258.0	5239.0	4021.0
gRNA_4770	Gata3	21303.0	14379.0	24334.0	304.0	37319.0	63070.0	5814.0	2858.0	7056.0	16662.0	11995.0	24912.0	9028.0	39428.0	5297.0	12121.0	13014.0	33580.0	22209.0	2041.0	16013.0	8498.0	58435.0
gRNA_4782	Gata3	13260.0	8145.0	20808.0	347.0	31617.0	42638.0	4375.0	2904.0	11985.0	16413.0	18106.0	34239.0	14040.0	48475.0	3466.0	14519.0	19586.0	20666.0	13505.0	18014.0	18488.0	4798.0	9842.0
gRNA_4829	Gli1	27584.0	18881.0	28845.0	3857.0	48724.0	69552.0	7397.0	10252.0	13209.0	18699.0	28465.0	43889.0	9954.0	30294.0	13810.0	27227.0	14667.0	56999.0	22416.0	1703.0	30540.0	6432.0	10386.0
gRNA_4888	Gnas	6425.0	4862.0	4125.0	142.0	1612.0	8483.0	1001.0	637.0	2807.0	964.0	4345.0	6436.0	1177.0	2064.0	6.0	13620.0	2029.0	2649.0	2899.0	6.0	43.0	1635.0	159.0
gRNA_5194	Idh2	30694.0	15431.0	27782.0	595.0	21310.0	76042.0	5092.0	7693.0	78971.0	51545.0	37076.0	92753.0	30003.0	49291.0	11815.0	44496.0	21575.0	24165.0	251223.0	5249.0	2265.0	49831.0	23489.0
gRNA_5228	Igf1r	12005.0	11832.0	24523.0	265.0	25537.0	42480.0	3891.0	1294.0	11824.0	8077.0	40662.0	31707.0	8097.0	36226.0	5229.0	13866.0	6080.0	53194.0	14021.0	39820.0	263.0	4495.0	6358.0
gRNA_5236	Igf1r	22417.0	12003.0	27106.0	476.0	40049.0	39731.0	5107.0	3824.0	7606.0	5749.0	3920.0	29713.0	9108.0	26976.0	9387.0	8701.0	5830.0	15241.0	37320.0	2910.0	225.0	41441.0	42313.0
gRNA_5373	Inha	39064.0	19568.0	39145.0	689.0	51322.0	137092.0	8513.0	4709.0	25148.0	21444.0	24695.0	56575.0	7333.0	35141.0	9848.0	35467.0	11683.0	31242.0	103591.0	66072.0	6351.0	33535.0	6739.0
gRNA_5374	Inha	10777.0	7344.0	15832.0	290.0	30222.0	25808.0	2300.0	1920.0	7693.0	6957.0	12495.0	13833.0	7926.0	12877.0	701.0	3139.0	3711.0	6624.0	20906.0	1233.0	2463.0	1823.0	3697.0
gRNA_5501	Inppl1	22353.0	12190.0	26300.0	663.0	34427.0	55283.0	7822.0	6387.0	11320.0	5999.0	19007.0	23014.0	6826.0	20057.0	22124.0	15734.0	7694.0	30060.0	16876.0	14642.0	2727.0	3526.0	3319.0
gRNA_5621	Irf8	24588.0	12198.0	23292.0	472.0	54672.0	69908.0	6341.0	4296.0	11851.0	8098.0	14947.0	38414.0	6011.0	11563.0	5693.0	11508.0	5136.0	12377.0	5587.0	21779.0	880.0	5631.0	7253.0
gRNA_5624	Irs1	27800.0	15976.0	28665.0	561.0	70484.0	71277.0	9072.0	5952.0	10176.0	14562.0	26377.0	31787.0	11567.0	40449.0	10067.0	6398.0	15170.0	41015.0	26157.0	3723.0	3945.0	9460.0	15799.0
gRNA_5625	Irs1	19133.0	14739.0	32806.0	451.0	45152.0	57945.0	4448.0	3526.0	14473.0	28877.0	17833.0	43353.0	11773.0	31261.0	17447.0	9005.0	13671.0	23979.0	27631.0	9605.0	24442.0	7623.0	18979.0
gRNA_5740	Jak1	21302.0	27456.0	26853.0	344.0	40728.0	70529.0	4659.0	2683.0	7214.0	13530.0	21839.0	39179.0	12025.0	33286.0	26110.0	29061.0	8073.0	13246.0	4610.0	11094.0	595.0	5009.0	10824.0
gRNA_6080	Keap1	17547.0	10785.0	38487.0	1062.0	61112.0	85035.0	11340.0	7073.0	17502.0	26298.0	44454.0	56577.0	12717.0	54744.0	9908.0	76641.0	21359.0	44793.0	36108.0	3621.0	31919.0	4004.0	11123.0
gRNA_6081	Keap1	15880.0	9775.0	25446.0	618.0	21039.0	53808.0	3875.0	3222.0	4573.0	7792.0	13366.0	17112.0	5813.0	19542.0	25915.0	4994.0	9756.0	27360.0	19195.0	882.0	4355.0	6336.0	5169.0
gRNA_6087	Keap1	20977.0	10804.0	28553.0	853.0	55066.0	104985.0	6966.0	6159.0	10677.0	15847.0	15426.0	33635.0	8395.0	27016.0	4548.0	23714.0	18915.0	34703.0	8303.0	3821.0	3962.0	8837.0	2315.0
gRNA_6111	Kit	23120.0	18418.0	27884.0	502.0	36327.0	75376.0	6545.0	3129.0	10977.0	13579.0	41212.0	55476.0	10449.0	30888.0	10245.0	30683.0	25270.0	48162.0	10345.0	26892.0	2191.0	9771.0	33490.0
gRNA_6125	Kit	8308.0	4259.0	9189.0	73.0	11138.0	16398.0	1708.0	467.0	43728.0	8435.0	3955.0	12454.0	4378.0	6051.0	4193.0	9312.0	2696.0	17201.0	12698.0	1065.0	148.0	1737.0	753.0
gRNA_6472	Kmt2d	9997.0	6356.0	17388.0	252.0	32092.0	48224.0	4087.0	2842.0	4779.0	8012.0	9006.0	18455.0	4640.0	6762.0	16439.0	9828.0	4426.0	12784.0	4345.0	1462.0	612.0	1709.0	15787.0
gRNA_6480	Kmt2d	8612.0	8343.0	7482.0	138.0	14406.0	16402.0	1708.0	783.0	2695.0	5352.0	2358.0	5841.0	4540.0	14624.0	4337.0	1425.0	4433.0	7068.0	5735.0	1177.0	3.0	224.0	1191.0
gRNA_6629	Kmt2d	11795.0	8941.0	21815.0	371.0	30891.0	54592.0	3779.0	3321.0	10181.0	15539.0	33997.0	24202.0	9504.0	22614.0	2357.0	54832.0	8232.0	15665.0	38214.0	5524.0	1117.0	2389.0	5484.0
gRNA_6712	Kras	23047.0	16744.0	41271.0	590.0	54611.0	117118.0	9820.0	5863.0	15591.0	13122.0	17100.0	90180.0	14662.0	53855.0	5975.0	12024.0	55846.0	50178.0	72513.0	27961.0	2004.0	5978.0	6857.0
gRNA_6743	Lats1	22722.0	20475.0	34251.0	1102.0	60916.0	101000.0	7880.0	8849.0	17093.0	22337.0	30465.0	49081.0	14101.0	63270.0	30149.0	29109.0	15035.0	21577.0	16298.0	17869.0	19224.0	35940.0	39143.0
gRNA_6745	Lats1	26353.0	16461.0	36335.0	536.0	51819.0	56393.0	6976.0	4140.0	13126.0	18080.0	39000.0	30850.0	13675.0	25374.0	46238.0	27364.0	15402.0	35571.0	47848.0	12539.0	20332.0	5359.0	10015.0
gRNA_6781	Lck	21082.0	15003.0	28449.0	444.0	41960.0	85967.0	6881.0	3382.0	16293.0	10604.0	41699.0	46615.0	13621.0	32989.0	4984.0	46632.0	13880.0	16075.0	20573.0	9320.0	4227.0	10772.0	4333.0
gRNA_6782	Lck	6669.0	5338.0	10516.0	93.0	6393.0	11588.0	2260.0	664.0	4901.0	3829.0	7793.0	10724.0	2917.0	9978.0	5496.0	3255.0	2304.0	9873.0	7774.0	615.0	6888.0	542.0	1292.0
gRNA_6797	Lyn	20829.0	15670.0	28610.0	775.0	47346.0	80419.0	9654.0	6363.0	13135.0	9364.0	14024.0	38705.0	4449.0	22204.0	9972.0	9009.0	13821.0	33685.0	19618.0	23648.0	860.0	5613.0	15388.0
gRNA_6833	Map2k1	13901.0	9423.0	20755.0	319.0	24319.0	33828.0	3370.0	3096.0	6628.0	5290.0	15885.0	43468.0	4266.0	6793.0	5714.0	24664.0	6246.0	55708.0	5471.0	1080.0	2779.0	11536.0	4707.0
gRNA_6834	Map2k1	13467.0	6837.0	14131.0	326.0	19758.0	40239.0	4011.0	2550.0	6339.0	6149.0	3349.0	10418.0	6471.0	6709.0	931.0	5632.0	4592.0	5940.0	984.0	6221.0	4.0	3594.0	3287.0
gRNA_6835	Map2k1	24576.0	14035.0	26220.0	557.0	26625.0	74724.0	5000.0	3831.0	9983.0	11265.0	25396.0	34488.0	9028.0	35015.0	9052.0	8802.0	5010.0	15400.0	14448.0	26712.0	699.0	8131.0	128522.0
gRNA_6842	Map2k1	18024.0	14125.0	28977.0	489.0	40517.0	86433.0	5216.0	3984.0	11214.0	10873.0	23310.0	31804.0	5243.0	28236.0	9588.0	4799.0	5166.0	18731.0	36876.0	4679.0	18909.0	10933.0	45532.0
gRNA_6849	Map2k2	46893.0	45760.0	40209.0	843.0	65814.0	140861.0	7597.0	4985.0	20765.0	15188.0	23209.0	35440.0	7043.0	54411.0	15572.0	12666.0	9516.0	24208.0	33273.0	2443.0	20757.0	3308.0	11366.0
gRNA_7393	Mtor	30187.0	21571.0	38470.0	1031.0	72055.0	103663.0	11353.0	7516.0	40139.0	83485.0	16714.0	104443.0	39595.0	91515.0	78937.0	23991.0	44549.0	58400.0	68010.0	100448.0	5330.0	16156.0	15035.0
gRNA_7429	Mtor	12140.0	8304.0	27832.0	719.0	55609.0	102992.0	9615.0	5191.0	28680.0	37394.0	40491.0	142267.0	13837.0	74214.0	33156.0	21059.0	46408.0	28498.0	10228.0	5031.0	13514.0	15062.0	5581.0
gRNA_7481	Myc	21199.0	6695.0	8166.0	103.0	14064.0	29421.0	1982.0	776.0	5600.0	5213.0	11490.0	21092.0	5271.0	14411.0	1829.0	2888.0	6549.0	12094.0	9082.0	5507.0	807.0	6066.0	7001.0
gRNA_7510	Myd88	19115.0	22879.0	33236.0	397.0	27936.0	60634.0	4164.0	1337.0	15948.0	14962.0	22105.0	38447.0	6687.0	30286.0	7380.0	7962.0	11480.0	19422.0	41732.0	6242.0	14940.0	2166.0	16353.0
gRNA_7511	Myd88	15212.0	6110.0	19918.0	349.0	28579.0	48344.0	4169.0	3318.0	6712.0	6225.0	23524.0	21444.0	5389.0	19969.0	2000.0	19818.0	15022.0	9997.0	11124.0	6601.0	7227.0	2571.0	4077.0
gRNA_7512	Myd88	31492.0	17671.0	27534.0	1072.0	73375.0	59891.0	10957.0	7412.0	12167.0	17711.0	42615.0	35126.0	14560.0	17184.0	16735.0	28659.0	11947.0	36473.0	26782.0	1356.0	3955.0	16840.0	136757.0
gRNA_7513	Myd88	27986.0	14859.0	26016.0	575.0	46346.0	80257.0	4673.0	3917.0	11631.0	7327.0	16475.0	37702.0	7722.0	20153.0	12563.0	21722.0	4660.0	19717.0	28502.0	9934.0	8463.0	13688.0	4229.0
gRNA_7514	Myd88	23305.0	9647.0	25661.0	518.0	29805.0	45590.0	5023.0	4386.0	8881.0	10365.0	12219.0	22335.0	4012.0	19194.0	19737.0	14909.0	8764.0	14258.0	9438.0	11311.0	25401.0	2854.0	5115.0
gRNA_7558	Ncoa3	22428.0	13189.0	18780.0	610.0	34601.0	48966.0	7055.0	4496.0	12002.0	21730.0	30642.0	36565.0	11783.0	20632.0	15069.0	34120.0	8039.0	12966.0	9225.0	7803.0	25888.0	1477.0	4528.0
gRNA_7812	Nfe2	18476.0	8128.0	15621.0	265.0	24501.0	42360.0	3710.0	1693.0	9128.0	12107.0	7351.0	36383.0	4570.0	11827.0	9204.0	11385.0	5546.0	26376.0	10656.0	1287.0	5128.0	8795.0	17207.0
gRNA_7813	Nfe2	26718.0	15766.0	30592.0	802.0	51635.0	116654.0	8563.0	6957.0	14409.0	7997.0	31755.0	57645.0	11709.0	107789.0	2653.0	28691.0	19273.0	33688.0	47129.0	2675.0	5107.0	46114.0	13886.0
gRNA_7816	Nfe2l2	29305.0	34803.0	40698.0	730.0	65016.0	90754.0	9879.0	5159.0	17579.0	8359.0	14159.0	43639.0	6625.0	51795.0	5742.0	13406.0	19477.0	26460.0	58845.0	1190.0	3243.0	12604.0	7727.0
gRNA_7839	Nkx2-1	21508.0	12935.0	29444.0	333.0	32730.0	63596.0	3519.0	2926.0	13768.0	13159.0	21770.0	23851.0	8850.0	22602.0	27151.0	10446.0	10270.0	42413.0	56268.0	35430.0	5213.0	11603.0	12310.0
gRNA_7843	Nkx2-1	12792.0	6142.0	9590.0	240.0	16509.0	25900.0	2852.0	4430.0	6651.0	5432.0	6715.0	26557.0	3540.0	16627.0	6474.0	4768.0	6903.0	9237.0	5823.0	571.0	0.0	8655.0	620.0
gRNA_7902	Notch1	26950.0	15461.0	28502.0	1396.0	65839.0	76925.0	9580.0	9120.0	10935.0	19601.0	15810.0	37743.0	7011.0	14583.0	27065.0	19027.0	3682.0	30509.0	35637.0	9304.0	3856.0	598.0	6936.0
gRNA_7918	Notch1	34604.0	34782.0	70471.0	1148.0	124376.0	126223.0	12373.0	6673.0	24452.0	34582.0	65464.0	67565.0	15922.0	18263.0	44278.0	24646.0	14275.0	64025.0	46659.0	6366.0	38463.0	15553.0	12169.0
gRNA_8228	Nsd1	37620.0	25608.0	50074.0	917.0	91004.0	97839.0	11439.0	6037.0	22227.0	29353.0	33183.0	90942.0	18853.0	76643.0	31769.0	28056.0	30593.0	72230.0	84475.0	2592.0	111931.0	11724.0	22755.0
gRNA_8699	Phf6	16577.0	26197.0	37799.0	780.0	34772.0	49106.0	3604.0	3471.0	5302.0	12191.0	10266.0	13520.0	4659.0	15128.0	5003.0	8987.0	2649.0	7703.0	4844.0	53617.0	22088.0	763.0	11549.0
gRNA_8775	Pik3ca	26193.0	35089.0	33547.0	359.0	56148.0	93438.0	5464.0	2032.0	43043.0	50949.0	48563.0	97706.0	19399.0	75455.0	16020.0	33967.0	35453.0	99051.0	50279.0	14964.0	13855.0	15904.0	10599.0
gRNA_8803	Pik3ca	23378.0	31034.0	40972.0	666.0	99550.0	97770.0	11580.0	7304.0	68715.0	51507.0	129435.0	136826.0	23774.0	121933.0	36148.0	164525.0	29871.0	79737.0	67980.0	412487.0	30728.0	22399.0	129429.0
gRNA_8867	Pik3ca	13541.0	16520.0	19616.0	108.0	15436.0	30735.0	2641.0	811.0	8924.0	14095.0	16915.0	25140.0	7002.0	10280.0	4175.0	7025.0	5944.0	13285.0	3439.0	53.0	1032.0	1345.0	1224.0
gRNA_8999	Pik3cg	14680.0	10792.0	17870.0	255.0	21199.0	29826.0	1513.0	1991.0	4498.0	8982.0	3988.0	6312.0	1142.0	13880.0	2679.0	3813.0	8517.0	7392.0	5522.0	3222.0	4816.0	3798.0	2096.0
gRNA_9105	Pik3r2	42923.0	27136.0	43943.0	729.0	96103.0	77299.0	11634.0	7911.0	25778.0	16646.0	28113.0	67777.0	17148.0	69871.0	29740.0	36710.0	21407.0	47047.0	37393.0	1355.0	32914.0	16014.0	22159.0
gRNA_9114	Pik3r3	15332.0	8531.0	19166.0	824.0	53305.0	55041.0	6315.0	5469.0	7821.0	10950.0	28224.0	24424.0	5196.0	25991.0	11922.0	25644.0	9008.0	7855.0	11595.0	84.0	1184.0	2422.0	8465.0
gRNA_9115	Pik3r3	11513.0	6588.0	19534.0	591.0	28759.0	57109.0	6689.0	5204.0	8250.0	9601.0	7863.0	13484.0	4521.0	31191.0	5431.0	4505.0	5581.0	13854.0	5357.0	59420.0	2760.0	2018.0	2789.0
gRNA_9745	Ptpn11	23069.0	21229.0	29074.0	284.0	22325.0	54473.0	2214.0	1272.0	16070.0	6913.0	7357.0	47694.0	5212.0	46601.0	9819.0	31595.0	27307.0	16169.0	138846.0	10456.0	960.0	3770.0	5602.0
gRNA_10049	Ptprt	33330.0	22546.0	60994.0	1143.0	112661.0	132077.0	16704.0	10372.0	23863.0	19696.0	73452.0	84809.0	21974.0	42766.0	67575.0	129925.0	18795.0	74166.0	18614.0	42773.0	8453.0	17665.0	79092.0
gRNA_10106	Ptprt	15037.0	10348.0	37935.0	658.0	56919.0	80511.0	7461.0	3697.0	19528.0	24923.0	30339.0	66177.0	17998.0	55679.0	20191.0	31214.0	17872.0	20073.0	27738.0	4186.0	4398.0	5327.0	18373.0
gRNA_10107	Ptprt	17295.0	13370.0	23876.0	427.0	37590.0	40800.0	5260.0	2706.0	6478.0	33567.0	10305.0	28004.0	8699.0	24414.0	7958.0	7863.0	13917.0	33815.0	19281.0	2226.0	409.0	2345.0	31568.0
gRNA_10342	Raf1	15693.0	13852.0	21295.0	842.0	44409.0	69696.0	5998.0	5000.0	8422.0	13165.0	20710.0	25541.0	17563.0	16229.0	28162.0	16942.0	6972.0	29436.0	85603.0	979.0	3341.0	7999.0	9092.0
gRNA_10343	Raf1	40211.0	24309.0	34754.0	723.0	43590.0	99146.0	6719.0	4805.0	11743.0	13432.0	22060.0	36782.0	10688.0	28757.0	3934.0	17058.0	19044.0	23321.0	59910.0	1722.0	12436.0	9024.0	14402.0
gRNA_10363	Rara	21926.0	9741.0	24273.0	530.0	39617.0	71021.0	5648.0	3934.0	10336.0	13536.0	13971.0	29518.0	3763.0	25307.0	7340.0	11499.0	8765.0	5299.0	10979.0	11668.0	4319.0	5704.0	3569.0
gRNA_10504	Rbm10	24470.0	14094.0	32219.0	1440.0	70945.0	112431.0	11928.0	9681.0	18486.0	27253.0	21765.0	50987.0	11355.0	53761.0	30273.0	26166.0	7494.0	66080.0	176216.0	34519.0	3820.0	9640.0	23273.0
gRNA_10547	Rbm10	15762.0	11905.0	24937.0	176.0	19109.0	38555.0	4256.0	1768.0	9154.0	11457.0	11262.0	17897.0	4033.0	14662.0	22146.0	10292.0	9111.0	26475.0	18749.0	1609.0	29603.0	9872.0	30169.0
gRNA_10548	Rbm10	16456.0	12179.0	17781.0	266.0	25905.0	33491.0	4352.0	2797.0	6422.0	12045.0	14267.0	23578.0	6508.0	30645.0	3649.0	14513.0	5102.0	18940.0	2955.0	8451.0	17775.0	2596.0	3843.0
gRNA_10596	Ret	12422.0	12293.0	30712.0	320.0	40203.0	69069.0	4158.0	2073.0	11832.0	7889.0	15089.0	19550.0	8039.0	21957.0	4955.0	6238.0	7179.0	19151.0	21783.0	27996.0	2105.0	5907.0	5039.0
gRNA_10598	Ret	17303.0	13381.0	38305.0	282.0	61028.0	92600.0	5871.0	3206.0	8487.0	12141.0	29293.0	48412.0	7367.0	10460.0	3017.0	40561.0	5732.0	32954.0	132381.0	650.0	44470.0	7564.0	27328.0
gRNA_10617	Rheb	34861.0	38384.0	52948.0	741.0	71215.0	106536.0	8907.0	4721.0	28446.0	18561.0	33246.0	54420.0	18150.0	37737.0	12499.0	16930.0	10758.0	45350.0	100041.0	34608.0	10912.0	24410.0	159315.0
gRNA_10634	Rhoa	16384.0	9978.0	12728.0	187.0	16181.0	28125.0	2687.0	1000.0	5732.0	7071.0	5882.0	16841.0	7377.0	27071.0	3280.0	2299.0	6068.0	7217.0	5719.0	8.0	2316.0	853.0	8698.0
gRNA_10657	Rictor	9163.0	5080.0	12011.0	110.0	15902.0	28777.0	1952.0	887.0	8123.0	8438.0	6769.0	34932.0	3329.0	8948.0	2052.0	9561.0	16471.0	13664.0	5219.0	769.0	40.0	4672.0	2824.0
gRNA_10664	Rictor	20220.0	14864.0	35966.0	1254.0	50479.0	92111.0	10507.0	10367.0	13757.0	13342.0	29757.0	35009.0	13951.0	20981.0	29689.0	18446.0	15821.0	26494.0	33746.0	594.0	39295.0	8282.0	5443.0
gRNA_10909	Rtel1	23988.0	16415.0	34316.0	878.0	79302.0	71707.0	9403.0	5288.0	21575.0	18550.0	30827.0	47958.0	13203.0	65727.0	22598.0	79466.0	19800.0	42567.0	16667.0	520717.0	150500.0	2491.0	17234.0
gRNA_10969	Runx1	28281.0	17988.0	46126.0	376.0	48883.0	87166.0	6907.0	3132.0	24102.0	16800.0	16786.0	52035.0	9591.0	25541.0	15009.0	14799.0	17761.0	12242.0	15272.0	15707.0	7323.0	13034.0	10500.0
gRNA_10971	Runx1	13708.0	7831.0	16908.0	143.0	17282.0	38419.0	3568.0	1898.0	7475.0	24670.0	15781.0	27100.0	6072.0	17920.0	47121.0	6934.0	10655.0	37253.0	26224.0	4166.0	41.0	3579.0	48235.0
gRNA_11071	Setbp1	12869.0	11554.0	28015.0	450.0	47926.0	61888.0	5458.0	3878.0	10775.0	13702.0	17356.0	31628.0	6914.0	17098.0	30730.0	13502.0	5959.0	13875.0	9498.0	10185.0	261.0	14067.0	9529.0
gRNA_11223	Smad2	35679.0	29555.0	34741.0	317.0	33215.0	67419.0	6786.0	2732.0	10583.0	13799.0	23420.0	35746.0	8157.0	34343.0	14864.0	14819.0	10886.0	18421.0	33263.0	657.0	664.0	15963.0	46737.0
gRNA_11284	Smad4	8366.0	5219.0	11345.0	67.0	7086.0	25699.0	1561.0	531.0	4982.0	2544.0	6802.0	8066.0	1047.0	16065.0	2744.0	3609.0	3996.0	2225.0	7705.0	15.0	0.0	367.0	1719.0
gRNA_11285	Smad4	9777.0	5717.0	15862.0	112.0	16125.0	24335.0	1434.0	776.0	3451.0	4558.0	7269.0	13274.0	3086.0	4703.0	983.0	9122.0	3323.0	4062.0	7856.0	54.0	3332.0	4287.0	776.0
gRNA_11305	Smad4	13390.0	6740.0	20325.0	631.0	30175.0	67799.0	5741.0	3104.0	5891.0	11190.0	6072.0	12067.0	2674.0	45534.0	1263.0	14572.0	5400.0	23004.0	2509.0	35.0	3448.0	2146.0	2842.0
gRNA_11315	Smad4	2190.0	1293.0	4003.0	6.0	1768.0	1187.0	269.0	81.0	686.0	16.0	19.0	429.0	619.0	2676.0	129.0	40.0	800.0	12512.0	145.0	0.0	0.0	284.0	249.0
gRNA_11324	Smad4	20161.0	11782.0	19854.0	213.0	25784.0	35428.0	2790.0	1975.0	9751.0	15699.0	11191.0	31822.0	3185.0	26203.0	13168.0	4191.0	7195.0	23624.0	13862.0	1982.0	910.0	134377.0	3684.0
gRNA_11607	Smo	23023.0	14032.0	32285.0	448.0	55182.0	78142.0	6795.0	3927.0	13037.0	13438.0	23483.0	34823.0	9529.0	40601.0	3722.0	61105.0	10928.0	57502.0	34414.0	6289.0	131.0	8089.0	6507.0
gRNA_11608	Smo	16533.0	11207.0	26088.0	530.0	43103.0	34153.0	7353.0	5198.0	8098.0	7811.0	14858.0	25914.0	5973.0	20222.0	13699.0	5784.0	9618.0	32604.0	6321.0	6947.0	11117.0	2286.0	17361.0
gRNA_11670	Socs1	15307.0	7164.0	13762.0	287.0	17607.0	26465.0	2346.0	2379.0	5480.0	6466.0	7905.0	15137.0	1997.0	26989.0	7489.0	11033.0	6420.0	8489.0	9505.0	137.0	913.0	3497.0	2332.0
gRNA_11798	Sox9	9400.0	8062.0	12282.0	107.0	13370.0	25057.0	2240.0	1424.0	6313.0	4485.0	9956.0	23781.0	4838.0	9963.0	1356.0	2103.0	3353.0	21807.0	1087.0	163.0	20091.0	1159.0	1534.0
gRNA_12024	Stat3	28340.0	13809.0	20102.0	607.0	35582.0	35704.0	4674.0	5041.0	8813.0	16559.0	25533.0	25734.0	7930.0	11463.0	7412.0	67375.0	9590.0	16546.0	5679.0	1744.0	36342.0	3343.0	5490.0
gRNA_12026	Stat3	14412.0	10009.0	15764.0	274.0	17899.0	32844.0	2543.0	1388.0	9072.0	8806.0	6508.0	16831.0	2495.0	20979.0	4845.0	7839.0	6831.0	13731.0	12449.0	1798.0	870.0	6013.0	3104.0
gRNA_12164	Syk	12071.0	8679.0	30383.0	696.0	66106.0	79053.0	12428.0	8061.0	14986.0	10492.0	17759.0	45448.0	10623.0	41501.0	10646.0	31144.0	12696.0	25087.0	16900.0	197189.0	81.0	3314.0	26559.0
gRNA_12197	Tbl1xr1	18830.0	19829.0	22324.0	406.0	33020.0	69007.0	3489.0	2312.0	16707.0	13288.0	22985.0	44406.0	14774.0	10712.0	4962.0	9840.0	11925.0	30571.0	17884.0	75557.0	2208.0	2896.0	2830.0
gRNA_12271	Tcf3	24687.0	17832.0	42811.0	853.0	56718.0	65336.0	7638.0	6800.0	12100.0	21698.0	24956.0	64548.0	13411.0	71324.0	23178.0	24040.0	10995.0	37795.0	39927.0	1408.0	4518.0	11495.0	20497.0
gRNA_12272	Tcf3	24630.0	15185.0	31416.0	691.0	42150.0	71742.0	7891.0	6400.0	16336.0	22104.0	27868.0	41028.0	9081.0	31611.0	26841.0	24074.0	12735.0	29462.0	15886.0	2238.0	60136.0	6093.0	6627.0
gRNA_12386	Tet2	30845.0	33867.0	41931.0	343.0	43871.0	79066.0	8416.0	2186.0	15792.0	14583.0	31204.0	43593.0	11333.0	29221.0	8710.0	10092.0	17401.0	15988.0	28718.0	8245.0	7159.0	9504.0	40778.0
gRNA_12523	Trp53	24366.0	19431.0	37604.0	316.0	53269.0	94789.0	7582.0	2512.0	13205.0	17667.0	31414.0	40310.0	7035.0	41710.0	14789.0	33033.0	12674.0	27058.0	31440.0	2882.0	2493.0	10502.0	38906.0
gRNA_12536	Trp53	22706.0	12986.0	23283.0	514.0	54361.0	76364.0	6412.0	3750.0	11506.0	24604.0	18837.0	33793.0	10345.0	20790.0	9235.0	16651.0	7049.0	14563.0	37327.0	3140.0	10358.0	3047.0	35471.0
gRNA_12548	Trp53	7163.0	6104.0	14278.0	290.0	33054.0	61680.0	3708.0	3968.0	5251.0	5769.0	6363.0	13778.0	2118.0	17889.0	16813.0	1749.0	5218.0	23672.0	13031.0	423.0	5.0	3361.0	3599.0
gRNA_12556	Trp53	18239.0	10214.0	39487.0	1054.0	45983.0	82449.0	10558.0	7217.0	18934.0	36959.0	32011.0	44084.0	14985.0	32926.0	21950.0	18570.0	14850.0	52296.0	22796.0	609.0	80504.0	9287.0	2344.0
gRNA_12558	Trp53	29183.0	23207.0	56648.0	2015.0	136104.0	233148.0	23501.0	21195.0	32451.0	82406.0	31760.0	97339.0	23605.0	77478.0	24835.0	17546.0	19363.0	47477.0	103448.0	28643.0	21957.0	17286.0	18799.0
gRNA_12567	Trp53	19966.0	13920.0	26583.0	104.0	24265.0	48278.0	2543.0	975.0	11433.0	4816.0	11244.0	17298.0	3886.0	14084.0	5353.0	22362.0	4209.0	6693.0	5548.0	1014.0	2590.0	2420.0	3252.0
gRNA_12579	Trp53	6632.0	6812.0	9629.0	187.0	23548.0	33285.0	2724.0	1445.0	3391.0	5442.0	14520.0	17708.0	2420.0	17566.0	1086.0	6925.0	3922.0	4150.0	6155.0	1323.0	23171.0	2343.0	1858.0
gRNA_12580	Trp53	17692.0	9608.0	26309.0	299.0	27525.0	66461.0	3997.0	2117.0	10443.0	13865.0	30546.0	27996.0	5332.0	73167.0	11884.0	5846.0	7831.0	15061.0	15762.0	2477.0	384.0	1617.0	7123.0
gRNA_12583	Trp53	22878.0	30117.0	33790.0	539.0	55061.0	79988.0	9416.0	6407.0	16151.0	23755.0	19306.0	46208.0	12077.0	51050.0	5889.0	17503.0	15206.0	60768.0	25834.0	2903.0	10665.0	10926.0	13451.0
gRNA_12592	Trp53	9807.0	9008.0	19628.0	83.0	12440.0	25775.0	1903.0	753.0	8694.0	6885.0	7241.0	23861.0	6955.0	33496.0	7946.0	11335.0	4758.0	10607.0	18957.0	939.0	15947.0	1569.0	2897.0
gRNA_12597	Trp53	23553.0	12336.0	22399.0	299.0	39656.0	34552.0	5533.0	2036.0	12004.0	7609.0	13080.0	26402.0	5481.0	22557.0	15149.0	20709.0	9448.0	12407.0	34368.0	3244.0	52642.0	3900.0	7813.0
gRNA_12601	Trp53	15730.0	11164.0	25250.0	315.0	34312.0	59243.0	5648.0	4094.0	10862.0	9640.0	28567.0	31341.0	13667.0	31962.0	4295.0	22771.0	7184.0	35142.0	5935.0	4015.0	3936.0	4414.0	44833.0
gRNA_12602	Trp53	32187.0	30563.0	46025.0	346.0	33955.0	72617.0	6207.0	1627.0	19236.0	34744.0	37019.0	70450.0	15611.0	30993.0	48625.0	32216.0	14337.0	58718.0	20954.0	11131.0	2265.0	3136.0	22631.0
gRNA_12604	Trp53	16136.0	8978.0	19662.0	219.0	21806.0	42250.0	3696.0	1522.0	9025.0	12073.0	8232.0	28962.0	7579.0	19069.0	12518.0	6351.0	9279.0	10768.0	5938.0	242.0	9814.0	6604.0	162926.0
gRNA_12652	Trp53bp1	22523.0	32762.0	40612.0	399.0	47093.0	80505.0	5580.0	3359.0	18947.0	37483.0	39256.0	49009.0	15533.0	33362.0	16309.0	83048.0	23340.0	29080.0	64754.0	14920.0	19857.0	28108.0	24518.0
gRNA_12831	Tsc1	16985.0	14317.0	23235.0	531.0	30243.0	55013.0	6536.0	5046.0	7540.0	4977.0	12383.0	29556.0	4026.0	11346.0	2138.0	14082.0	10046.0	12250.0	6121.0	13691.0	292.0	959.0	8001.0
gRNA_13011	Vhl	20751.0	14301.0	34735.0	559.0	54558.0	64769.0	5610.0	3762.0	8643.0	9313.0	49726.0	40006.0	14552.0	14957.0	8848.0	36481.0	7650.0	19286.0	13395.0	5696.0	5216.0	5243.0	13739.0
gRNA_13599	controlsgRNA	16546.0	12550.0	16555.0	277.0	33998.0	38368.0	5171.0	3612.0	3404.0	14090.0	6506.0	16413.0	4130.0	12944.0	10340.0	9061.0	4483.0	2879.0	1663.0	1486.0	0.0	3810.0	1771.0
gRNA_13600	controlsgRNA	31201.0	18046.0	22329.0	527.0	45161.0	61927.0	4838.0	4921.0	8430.0	20479.0	17641.0	20786.0	7947.0	9804.0	13566.0	33004.0	6422.0	17716.0	71360.0	1103.0	3879.0	8308.0	25402.0
gRNA_13601	controlsgRNA	45093.0	33046.0	32569.0	684.0	72284.0	73002.0	10373.0	4938.0	22893.0	13402.0	14148.0	43684.0	11492.0	32666.0	17968.0	16341.0	15828.0	23469.0	19233.0	2545.0	5087.0	27333.0	14280.0
gRNA_13602	controlsgRNA	23177.0	16195.0	15886.0	548.0	24204.0	25996.0	2658.0	3627.0	4459.0	619.0	4857.0	8297.0	327.0	15794.0	1955.0	4781.0	4256.0	7235.0	15581.0	409.0	0.0	1512.0	244.0
gRNA_13603	controlsgRNA	34814.0	17113.0	19188.0	286.0	33618.0	27737.0	3422.0	1862.0	9550.0	10632.0	17368.0	30779.0	5447.0	19958.0	14859.0	10290.0	3849.0	50444.0	5837.0	2264.0	10150.0	14875.0	11416.0
gRNA_13604	controlsgRNA	40467.0	33787.0	36964.0	600.0	66941.0	84060.0	9911.0	4692.0	11211.0	14942.0	26103.0	41929.0	14416.0	22164.0	31834.0	28958.0	16409.0	54087.0	45844.0	36850.0	798198.0	3247.0	18396.0
gRNA_13605	controlsgRNA	29491.0	21497.0	25193.0	243.0	37353.0	43868.0	3838.0	1889.0	8834.0	13502.0	30498.0	26435.0	6765.0	19063.0	20992.0	18901.0	6546.0	20874.0	26707.0	3928.0	33628.0	10722.0	7723.0
gRNA_13606	controlsgRNA	64764.0	53120.0	45939.0	1368.0	96421.0	162748.0	14990.0	12123.0	19078.0	19027.0	37827.0	55752.0	12438.0	52962.0	20471.0	36451.0	28051.0	43157.0	27711.0	17911.0	6877.0	5212.0	24956.0
gRNA_13607	controlsgRNA	38583.0	25626.0	28386.0	346.0	48833.0	49294.0	5364.0	3600.0	13851.0	34387.0	11206.0	47531.0	16258.0	26078.0	11467.0	5765.0	14171.0	69115.0	34750.0	2914.0	44299.0	9878.0	6094.0
gRNA_13608	controlsgRNA	6852.0	7188.0	6310.0	66.0	7938.0	12924.0	803.0	342.0	2985.0	2302.0	12231.0	10848.0	3456.0	6233.0	1865.0	27384.0	1664.0	4313.0	18426.0	1098.0	763.0	59779.0	850.0
gRNA_14579	controlsgRNA	20979.0	31340.0	37785.0	313.0	42570.0	69726.0	4947.0	2277.0	9443.0	13950.0	18684.0	36606.0	6187.0	18369.0	14611.0	16961.0	6597.0	13069.0	28077.0	63026.0	14877.0	21750.0	2470.0
gRNA_14580	controlsgRNA	9053.0	18327.0	17228.0	60.0	11381.0	16112.0	928.0	153.0	12577.0	7039.0	8619.0	39935.0	9181.0	33510.0	8034.0	3096.0	10910.0	30315.0	9698.0	689.0	7.0	7634.0	52730.0
gRNA_14581	controlsgRNA	18136.0	20145.0	34851.0	189.0	33523.0	42374.0	3536.0	987.0	11612.0	12172.0	13591.0	35285.0	5049.0	19215.0	21530.0	11860.0	7711.0	19133.0	16601.0	112176.0	26666.0	5305.0	4848.0
gRNA_14582	controlsgRNA	11068.0	18239.0	23715.0	60.0	5618.0	19652.0	937.0	267.0	6157.0	2342.0	5509.0	30184.0	1559.0	29992.0	1111.0	6734.0	3889.0	9026.0	23889.0	15325.0	134.0	4621.0	5243.0
gRNA_14583	controlsgRNA	2553.0	4736.0	2462.0	11.0	365.0	1368.0	48.0	13.0	4434.0	4047.0	5693.0	16978.0	3981.0	5583.0	1925.0	2838.0	3596.0	11293.0	14401.0	439.0	10.0	101.0	7241.0
gRNA_14584	controlsgRNA	29957.0	22302.0	27342.0	487.0	38022.0	88484.0	6430.0	2711.0	10718.0	28477.0	15664.0	44613.0	10408.0	30670.0	11987.0	16062.0	10557.0	19232.0	41796.0	11317.0	94023.0	15192.0	5285.0
gRNA_14585	controlsgRNA	12652.0	22459.0	16054.0	168.0	13000.0	34318.0	1539.0	796.0	7803.0	10456.0	22995.0	28793.0	10526.0	20032.0	7969.0	13635.0	12821.0	25416.0	45282.0	1512.0	2373.0	3170.0	4025.0
gRNA_14586	controlsgRNA	20949.0	34756.0	27751.0	453.0	45821.0	69481.0	5473.0	2466.0	12700.0	19644.0	19329.0	43882.0	7321.0	27137.0	16492.0	32404.0	8345.0	13320.0	10758.0	11215.0	8655.0	7211.0	3517.0
gRNA_14587	controlsgRNA	18296.0	19654.0	20069.0	151.0	16975.0	22594.0	1583.0	890.0	10615.0	9823.0	13047.0	47967.0	7577.0	27870.0	4061.0	7447.0	3325.0	19278.0	13836.0	11909.0	7051.0	10365.0	3445.0
gRNA_14588	controlsgRNA	25099.0	28578.0	29364.0	118.0	23816.0	39273.0	2640.0	987.0	11338.0	10076.0	21666.0	42334.0	7244.0	27165.0	10758.0	14553.0	10033.0	28057.0	17321.0	28378.0	56895.0	2948.0	22933.0
gRNA_14589	controlsgRNA	12463.0	8355.0	9653.0	68.0	7890.0	15655.0	1570.0	264.0	8393.0	2436.0	6471.0	17391.0	2629.0	3273.0	1722.0	4240.0	810.0	10704.0	11070.0	6.0	786.0	189.0	740.0
gRNA_14590	controlsgRNA	7063.0	8178.0	8397.0	13.0	1392.0	5178.0	253.0	66.0	4164.0	5797.0	5136.0	11859.0	8059.0	5504.0	5269.0	4993.0	2236.0	13865.0	8829.0	5444.0	1058.0	623.0	419.0
gRNA_14591	controlsgRNA	37159.0	27353.0	36211.0	318.0	52007.0	63344.0	7101.0	4984.0	23977.0	30122.0	39966.0	53777.0	12000.0	45766.0	17437.0	37190.0	17896.0	46243.0	34458.0	1372.0	14953.0	12382.0	89137.0
gRNA_14592	controlsgRNA	237.0	215.0	33.0	22.0	161.0	5.0	42.0	1.0	1.0	0.0	0.0	0.0	0.0	0.0	0.0	0.0	0.0	0.0	1.0	0.0	0.0	0.0	0.0
gRNA_14593	controlsgRNA	19102.0	21493.0	22805.0	159.0	29609.0	32579.0	3582.0	1023.0	8324.0	17865.0	27570.0	36215.0	9072.0	13159.0	3158.0	26585.0	26411.0	15901.0	23950.0	13546.0	41642.0	1721.0	1672.0
gRNA_14594	controlsgRNA	8473.0	12402.0	10202.0	35.0	7314.0	11568.0	544.0	195.0	5993.0	11497.0	34348.0	22653.0	5605.0	19647.0	6101.0	13208.0	4470.0	10228.0	65355.0	805.0	788.0	4741.0	1242.0
gRNA_14595	controlsgRNA	20724.0	31032.0	31525.0	275.0	24602.0	53589.0	5248.0	1881.0	15516.0	10590.0	29256.0	43881.0	5411.0	16694.0	19349.0	7783.0	7854.0	40640.0	23238.0	5072.0	4046.0	4491.0	3092.0
gRNA_14596	controlsgRNA	28130.0	16607.0	27045.0	374.0	33026.0	67944.0	5380.0	3246.0	12004.0	15580.0	15213.0	28761.0	7393.0	29667.0	1395.0	16430.0	6508.0	11032.0	59418.0	21975.0	3740.0	17506.0	13127.0
gRNA_14657	controlsgRNA	36473.0	35023.0	49483.0	605.0	57271.0	127386.0	7375.0	5130.0	11692.0	5274.0	35420.0	50142.0	7091.0	21347.0	6226.0	65099.0	7461.0	33697.0	14994.0	3132.0	53196.0	4767.0	9744.0
gRNA_14658	controlsgRNA	52618.0	22603.0	33012.0	767.0	64213.0	60731.0	10598.0	7308.0	12131.0	16425.0	7817.0	38706.0	5885.0	37959.0	8547.0	5245.0	6761.0	14184.0	56325.0	1429.0	1872.0	73682.0	9314.0
gRNA_14659	controlsgRNA	26836.0	24094.0	22568.0	342.0	31184.0	86445.0	4113.0	1873.0	15585.0	11878.0	27054.0	49084.0	17725.0	191005.0	4538.0	22877.0	9197.0	99018.0	14863.0	81313.0	58803.0	5244.0	12131.0
gRNA_14660	controlsgRNA	44040.0	25130.0	25538.0	748.0	46976.0	67577.0	7870.0	4648.0	9053.0	6596.0	9844.0	12345.0	6937.0	30558.0	7480.0	3099.0	8539.0	25873.0	11521.0	17.0	20.0	9987.0	13920.0
gRNA_14661	controlsgRNA	36716.0	29125.0	35900.0	351.0	46130.0	74907.0	5261.0	2619.0	7447.0	15407.0	16914.0	35892.0	8236.0	17758.0	5504.0	18008.0	8459.0	26755.0	42078.0	2368.0	3318.0	9274.0	8213.0
gRNA_14662	controlsgRNA	64069.0	48668.0	54569.0	834.0	69964.0	157024.0	12710.0	7545.0	25470.0	26924.0	34302.0	64611.0	15072.0	40718.0	8471.0	43073.0	22641.0	71224.0	22626.0	12932.0	263012.0	18227.0	24258.0
gRNA_14663	controlsgRNA	42526.0	41868.0	52080.0	1385.0	98760.0	116827.0	15452.0	10719.0	21810.0	50371.0	42056.0	60585.0	23946.0	65410.0	28482.0	31846.0	19786.0	75664.0	14773.0	3357.0	9462.0	6566.0	10422.0
gRNA_14664	controlsgRNA	38659.0	28742.0	40977.0	1038.0	55359.0	60732.0	6443.0	4755.0	11206.0	21167.0	17592.0	28976.0	11787.0	18670.0	11914.0	39125.0	7551.0	27773.0	13994.0	9196.0	1615.0	5268.0	34324.0
gRNA_14665	controlsgRNA	33687.0	45420.0	62038.0	1142.0	83574.0	113681.0	14020.0	9580.0	22556.0	35562.0	32910.0	64403.0	27471.0	42970.0	48533.0	16245.0	20291.0	90394.0	35169.0	3333.0	10621.0	20213.0	25941.0
gRNA_14666	controlsgRNA	51815.0	38905.0	43916.0	1595.0	84827.0	104720.0	11088.0	11198.0	17842.0	23251.0	19752.0	67204.0	19135.0	57814.0	11732.0	20130.0	29701.0	80436.0	30345.0	8269.0	61023.0	9076.0	27911.0
gRNA_14667	controlsgRNA	44440.0	35481.0	38284.0	667.0	40051.0	67264.0	9119.0	5870.0	12913.0	10750.0	35237.0	33297.0	10415.0	29641.0	12985.0	56795.0	8039.0	24356.0	16000.0	1079.0	1423.0	5599.0	11058.0
gRNA_14668	controlsgRNA	26676.0	22570.0	30659.0	208.0	25886.0	58341.0	3059.0	833.0	12143.0	15506.0	20067.0	58144.0	10905.0	29395.0	11243.0	38859.0	16229.0	37141.0	9447.0	3391.0	2621.0	7064.0	20173.0
gRNA_14669	controlsgRNA	25792.0	25697.0	41720.0	265.0	31780.0	76847.0	3843.0	1416.0	14290.0	15287.0	21252.0	45671.0	7980.0	31069.0	9555.0	12750.0	7018.0	50405.0	19991.0	4539.0	2673.0	14586.0	9791.0
gRNA_14670	controlsgRNA	39520.0	31102.0	34382.0	1116.0	69487.0	113758.0	10613.0	5991.0	17070.0	24343.0	45510.0	63761.0	21812.0	16987.0	16822.0	37225.0	11933.0	48713.0	5563.0	4335.0	236.0	16488.0	31604.0
gRNA_14671	controlsgRNA	26419.0	23054.0	21347.0	275.0	28323.0	42630.0	5790.0	2594.0	10418.0	7491.0	12251.0	31001.0	6608.0	13365.0	22322.0	31305.0	12047.0	20313.0	12609.0	2610.0	4171.0	10101.0	14182.0
gRNA_14672	controlsgRNA	25290.0	19142.0	18348.0	163.0	20484.0	43531.0	3785.0	1567.0	4489.0	11335.0	3759.0	15468.0	2016.0	12754.0	1982.0	1882.0	2891.0	3860.0	6914.0	27.0	1185.0	2277.0	2765.0
gRNA_14673	controlsgRNA	46232.0	34004.0	34290.0	375.0	51896.0	84597.0	8339.0	3513.0	17235.0	22529.0	12707.0	60603.0	14568.0	71868.0	50709.0	9832.0	16329.0	18485.0	36314.0	14077.0	1466.0	16771.0	44569.0
gRNA_14674	controlsgRNA	31130.0	26972.0	19536.0	873.0	55754.0	68107.0	6048.0	5996.0	11803.0	7826.0	12177.0	18838.0	4036.0	17213.0	17420.0	10589.0	6579.0	3865.0	15868.0	20641.0	3170.0	8736.0	8331.0
gRNA_14675	controlsgRNA	22747.0	23615.0	34779.0	239.0	28320.0	37398.0	3389.0	993.0	13027.0	9921.0	45905.0	42254.0	17730.0	31106.0	9284.0	97411.0	10715.0	20246.0	51134.0	6781.0	912.0	10983.0	18641.0
gRNA_14676	controlsgRNA	34836.0	28769.0	29178.0	388.0	34079.0	51662.0	4447.0	2256.0	21942.0	21482.0	46589.0	48488.0	9695.0	44155.0	46327.0	6671.0	25980.0	25823.0	56588.0	1470.0	5519.0	9150.0	13166.0
gRNA_14677	controlsgRNA	35309.0	17690.0	23297.0	352.0	32922.0	69168.0	3553.0	2205.0	8611.0	16311.0	10968.0	26311.0	6930.0	25813.0	13122.0	10358.0	6520.0	11759.0	8897.0	1683.0	498.0	13638.0	10958.0
gRNA_14678	controlsgRNA	29304.0	28010.0	30724.0	629.0	51274.0	69603.0	6589.0	4267.0	8871.0	10857.0	19588.0	42888.0	12979.0	29544.0	9730.0	14200.0	10510.0	24565.0	11659.0	2850.0	459.0	2638.0	6471.0
gRNA_14679	controlsgRNA	29238.0	37540.0	41765.0	668.0	54750.0	100466.0	8106.0	4728.0	17317.0	15445.0	30834.0	46997.0	21435.0	40068.0	20816.0	24295.0	21922.0	25395.0	25526.0	3153.0	4226.0	8043.0	2661.0
gRNA_14680	controlsgRNA	21534.0	24931.0	21864.0	166.0	25030.0	47692.0	3316.0	1431.0	7314.0	9764.0	25676.0	26602.0	9793.0	29136.0	4232.0	2754.0	8375.0	21939.0	22351.0	2212.0	16082.0	7898.0	10241.0
gRNA_14681	controlsgRNA	32463.0	36361.0	33475.0	589.0	62896.0	70128.0	8031.0	3776.0	13097.0	8439.0	21148.0	44610.0	12591.0	35649.0	7082.0	16417.0	12951.0	31912.0	6759.0	621.0	12546.0	7576.0	8067.0
gRNA_14682	controlsgRNA	29832.0	21721.0	20138.0	1031.0	57780.0	53066.0	6492.0	6712.0	8164.0	13222.0	6520.0	21127.0	4730.0	19704.0	2304.0	6138.0	11470.0	58597.0	10074.0	507.0	296.0	1292.0	96.0
gRNA_14683	controlsgRNA	24360.0	23589.0	23845.0	369.0	43622.0	83263.0	6921.0	2367.0	7433.0	8113.0	22771.0	19040.0	5069.0	9628.0	2909.0	5751.0	3970.0	5203.0	10968.0	79509.0	753.0	3599.0	1619.0
gRNA_14684	controlsgRNA	38761.0	46205.0	47485.0	874.0	96205.0	146022.0	9380.0	7176.0	16834.0	18822.0	68995.0	57471.0	14230.0	41809.0	7372.0	58583.0	25126.0	53694.0	15306.0	54722.0	8130.0	5797.0	11038.0
gRNA_14685	controlsgRNA	41720.0	48991.0	55401.0	672.0	80310.0	125382.0	10089.0	4126.0	32906.0	31752.0	43187.0	110234.0	32382.0	65590.0	16368.0	65333.0	14741.0	164336.0	63318.0	3286.0	2574.0	23211.0	12859.0
gRNA_14686	controlsgRNA	28981.0	32033.0	35647.0	670.0	56634.0	88052.0	7170.0	6006.0	10391.0	15215.0	20521.0	29096.0	7604.0	50895.0	20037.0	56778.0	7735.0	24119.0	7057.0	10365.0	15094.0	4634.0	19284.0
gRNA_14687	controlsgRNA	36559.0	42057.0	45128.0	594.0	49113.0	131637.0	8018.0	4174.0	17517.0	26367.0	37823.0	55731.0	13006.0	50204.0	7085.0	35629.0	15365.0	67866.0	19490.0	611.0	10668.0	5289.0	42739.0
gRNA_14688	controlsgRNA	33437.0	21224.0	21915.0	388.0	34386.0	53531.0	4448.0	3017.0	8430.0	10394.0	23256.0	25957.0	3962.0	37118.0	19589.0	23172.0	17645.0	14819.0	36827.0	5921.0	27440.0	11544.0	3765.0
gRNA_14689	controlsgRNA	28886.0	20838.0	22773.0	192.0	24058.0	45735.0	2953.0	939.0	5551.0	8038.0	19289.0	26637.0	4274.0	21485.0	2609.0	4762.0	2938.0	16844.0	8596.0	5711.0	52726.0	4237.0	20017.0
gRNA_14690	controlsgRNA	46113.0	35244.0	41540.0	718.0	65761.0	103928.0	7304.0	6930.0	14766.0	22932.0	12167.0	44661.0	9396.0	27051.0	42018.0	33615.0	13982.0	36051.0	9959.0	9995.0	231.0	11989.0	7778.0
gRNA_14691	controlsgRNA	27601.0	21040.0	19438.0	457.0	33169.0	42429.0	6297.0	2952.0	6020.0	9007.0	6331.0	36992.0	4470.0	15239.0	17398.0	15388.0	7542.0	9771.0	51182.0	1344.0	8868.0	1174.0	1391.0
gRNA_14692	controlsgRNA	39472.0	36039.0	37293.0	1172.0	70657.0	125930.0	10408.0	4421.0	21761.0	24978.0	17943.0	62671.0	13003.0	31241.0	9928.0	6076.0	14411.0	23631.0	21577.0	2946.0	17651.0	12291.0	24708.0
gRNA_14693	controlsgRNA	18063.0	16976.0	17193.0	296.0	21954.0	27390.0	2872.0	1031.0	5935.0	11604.0	4640.0	28416.0	6649.0	17750.0	12607.0	2207.0	2982.0	27894.0	19919.0	8877.0	319.0	3039.0	2429.0
gRNA_14694	controlsgRNA	51401.0	52922.0	71323.0	776.0	74388.0	144850.0	10696.0	4563.0	28773.0	39498.0	84786.0	89078.0	23774.0	73033.0	35104.0	48559.0	17321.0	62229.0	17599.0	608000.0	3148.0	12438.0	21012.0
gRNA_14695	controlsgRNA	41815.0	34703.0	31119.0	800.0	77046.0	106905.0	9596.0	5700.0	15153.0	14003.0	17847.0	31008.0	9798.0	34543.0	18887.0	12131.0	8885.0	26208.0	16916.0	7272.0	16548.0	11899.0	9276.0
gRNA_14696	controlsgRNA	30910.0	23228.0	26682.0	436.0	44104.0	68116.0	5898.0	4389.0	18357.0	10678.0	24667.0	36982.0	9992.0	41475.0	3893.0	21102.0	9111.0	26828.0	35683.0	99114.0	17222.0	8604.0	20226.0
gRNA_14697	controlsgRNA	10470.0	7834.0	16681.0	589.0	28998.0	31346.0	3350.0	3915.0	3177.0	4156.0	9658.0	16767.0	2755.0	25259.0	3680.0	4237.0	4647.0	39025.0	802.0	6.0	523.0	2171.0	2277.0
gRNA_14698	controlsgRNA	42360.0	26994.0	29280.0	499.0	49485.0	81482.0	6348.0	4347.0	19627.0	32581.0	53508.0	45538.0	17876.0	16518.0	26580.0	51456.0	4505.0	88349.0	23959.0	7683.0	104101.0	14317.0	67673.0
gRNA_14699	controlsgRNA	38258.0	23990.0	20740.0	325.0	26166.0	62404.0	4583.0	1716.0	8940.0	3578.0	20995.0	31685.0	6276.0	23756.0	5204.0	13677.0	6284.0	16364.0	86365.0	59.0	2431.0	2839.0	29485.0
gRNA_14700	controlsgRNA	29468.0	17133.0	24546.0	328.0	21258.0	40186.0	3879.0	1897.0	5842.0	12679.0	7022.0	14454.0	4734.0	15221.0	12102.0	6081.0	10791.0	36123.0	16008.0	1158.0	1301.0	2219.0	4898.0
gRNA_14701	controlsgRNA	57117.0	15959.0	18053.0	676.0	47189.0	61172.0	11503.0	9032.0	6469.0	9525.0	29143.0	31257.0	7553.0	14368.0	2560.0	25591.0	9546.0	13304.0	9158.0	3841.0	1199.0	1909.0	156272.0
gRNA_14702	controlsgRNA	20216.0	30411.0	23262.0	151.0	28487.0	44547.0	3551.0	798.0	14874.0	17073.0	28253.0	35814.0	25881.0	48632.0	32166.0	16159.0	7320.0	66558.0	8393.0	2751.0	32092.0	17649.0	5662.0
gRNA_14703	controlsgRNA	15083.0	17370.0	22274.0	123.0	24994.0	34138.0	2427.0	1521.0	5908.0	10509.0	9177.0	26007.0	2883.0	16386.0	11969.0	1205.0	6134.0	11196.0	31228.0	168269.0	78059.0	11601.0	2289.0
gRNA_14704	controlsgRNA	37298.0	22780.0	26835.0	871.0	65795.0	63885.0	6791.0	6046.0	11891.0	10929.0	16471.0	34792.0	10122.0	26306.0	23316.0	5756.0	5690.0	68796.0	14617.0	1988.0	2324.0	12726.0	19854.0
gRNA_14705	controlsgRNA	42298.0	17080.0	18200.0	158.0	17855.0	46714.0	2905.0	1101.0	4877.0	8485.0	19304.0	19917.0	6342.0	26137.0	1850.0	38227.0	2540.0	35157.0	20325.0	5995.0	1656.0	3488.0	17945.0
gRNA_14706	controlsgRNA	31237.0	12691.0	17697.0	524.0	30515.0	38926.0	3641.0	2459.0	3817.0	2752.0	3642.0	7523.0	3549.0	4112.0	4555.0	5955.0	2051.0	15788.0	13572.0	9.0	978.0	1894.0	3659.0
gRNA_14707	controlsgRNA	38993.0	36668.0	42123.0	777.0	68756.0	71071.0	10365.0	6175.0	14479.0	14695.0	26473.0	47051.0	7888.0	31622.0	14881.0	15339.0	14734.0	11366.0	33598.0	1383.0	820.0	3628.0	2233.0
gRNA_14708	controlsgRNA	19189.0	23041.0	33667.0	284.0	42715.0	54556.0	4992.0	2159.0	11563.0	16123.0	29352.0	39609.0	6294.0	24832.0	19199.0	49709.0	8923.0	26828.0	29010.0	2410.0	651753.0	4029.0	6622.0
gRNA_14709	controlsgRNA	25649.0	28224.0	26893.0	394.0	38438.0	63501.0	3695.0	2666.0	11200.0	21300.0	22485.0	36962.0	13335.0	24529.0	19786.0	9661.0	5617.0	24709.0	7587.0	791.0	10423.0	16164.0	14297.0
gRNA_14710	controlsgRNA	9114.0	8817.0	6356.0	134.0	7874.0	22423.0	3760.0	907.0	5215.0	4461.0	3992.0	13883.0	4270.0	4582.0	1485.0	2408.0	2482.0	25913.0	813.0	430.0	1.0	610.0	839.0
gRNA_14711	controlsgRNA	35162.0	38142.0	33646.0	735.0	55537.0	65007.0	7414.0	5558.0	23157.0	21212.0	53133.0	83530.0	15629.0	66732.0	19884.0	24743.0	21969.0	22681.0	56112.0	43528.0	4770.0	8276.0	9006.0
gRNA_14712	controlsgRNA	12006.0	15548.0	13100.0	206.0	10187.0	32563.0	2036.0	1101.0	4931.0	8067.0	6677.0	13940.0	4127.0	13738.0	1594.0	17095.0	4278.0	21317.0	4561.0	1546.0	105249.0	4257.0	3304.0
gRNA_14713	controlsgRNA	28354.0	30169.0	34703.0	723.0	66545.0	106493.0	7472.0	5523.0	12989.0	27108.0	25652.0	46096.0	5776.0	25628.0	17227.0	20707.0	8850.0	6789.0	69871.0	981.0	6448.0	4848.0	4990.0
gRNA_14714	controlsgRNA	29377.0	22573.0	25542.0	357.0	46383.0	72779.0	6433.0	2994.0	9667.0	1209.0	23554.0	29401.0	6796.0	29926.0	7933.0	7911.0	6871.0	18109.0	34241.0	1188.0	714.0	15215.0	20866.0
gRNA_14715	controlsgRNA	38722.0	26873.0	40198.0	524.0	51949.0	71659.0	7184.0	3045.0	14710.0	18757.0	24149.0	38282.0	13947.0	12091.0	4092.0	26113.0	7896.0	43448.0	23781.0	2037.0	400395.0	7996.0	6333.0
gRNA_14716	controlsgRNA	27560.0	29357.0	34199.0	418.0	30650.0	47712.0	8847.0	3306.0	17440.0	20936.0	22556.0	41701.0	10919.0	42382.0	30101.0	24554.0	18304.0	55720.0	42878.0	35.0	559.0	16328.0	72234.0
gRNA_14717	controlsgRNA	107.0	52.0	4.0	6.0	1444.0	36.0	38.0	0.0	5.0	0.0	0.0	0.0	0.0	0.0	0.0	0.0	0.0	0.0	0.0	0.0	0.0	0.0	0.0
gRNA_14718	controlsgRNA	28515.0	28116.0	30227.0	679.0	34952.0	91141.0	7313.0	3695.0	19312.0	9555.0	27364.0	42109.0	9417.0	33219.0	4208.0	19458.0	10137.0	55965.0	46336.0	2407.0	64356.0	6157.0	8323.0
gRNA_14719	controlsgRNA	23102.0	28598.0	30811.0	259.0	32982.0	55154.0	3874.0	2088.0	14312.0	15783.0	32240.0	43194.0	11336.0	41281.0	3111.0	20780.0	9962.0	37925.0	3694.0	7154.0	3813.0	18098.0	8643.0
gRNA_14720	controlsgRNA	35852.0	42616.0	55262.0	678.0	54780.0	120307.0	7368.0	4180.0	16911.0	12439.0	61398.0	58466.0	14686.0	55913.0	21716.0	29064.0	15520.0	23632.0	10027.0	6098.0	2184.0	84888.0	631703.0
gRNA_14721	controlsgRNA	56647.0	50195.0	56167.0	1999.0	101699.0	114988.0	19491.0	15811.0	21589.0	46211.0	40333.0	63775.0	14829.0	56034.0	21219.0	33656.0	18778.0	89603.0	202882.0	2824.0	4138.0	36208.0	72536.0
gRNA_14722	controlsgRNA	19572.0	29620.0	30215.0	338.0	47157.0	76898.0	4558.0	3024.0	14259.0	13221.0	24656.0	35088.0	10797.0	34947.0	10301.0	11998.0	11854.0	22090.0	16385.0	1125.0	36437.0	20454.0	4173.0
gRNA_14723	controlsgRNA	41758.0	35653.0	40624.0	1490.0	73362.0	113618.0	11578.0	9000.0	20873.0	8300.0	30948.0	47599.0	17953.0	54846.0	7193.0	33293.0	9561.0	38151.0	16470.0	1326.0	7400.0	19903.0	5458.0
gRNA_14724	controlsgRNA	42357.0	31743.0	33893.0	649.0	46062.0	61234.0	6549.0	4553.0	15368.0	28279.0	18392.0	46775.0	7668.0	66650.0	16472.0	13198.0	16517.0	79740.0	112221.0	19336.0	80744.0	4192.0	216190.0
gRNA_14725	controlsgRNA	30069.0	28344.0	31196.0	596.0	52562.0	88210.0	8153.0	4842.0	12603.0	39145.0	53840.0	35613.0	11574.0	44647.0	15833.0	16090.0	11318.0	17686.0	96099.0	1861.0	2615.0	5587.0	44603.0
gRNA_14726	controlsgRNA	36535.0	22241.0	30545.0	222.0	31356.0	55298.0	2508.0	1334.0	13193.0	13344.0	30983.0	41198.0	12717.0	30776.0	4824.0	9664.0	12508.0	36228.0	23516.0	6508.0	11738.0	9418.0	47406.0
gRNA_14727	controlsgRNA	90357.0	110603.0	111161.0	3201.0	206553.0	322892.0	36389.0	26087.0	50987.0	58807.0	124124.0	151673.0	36785.0	141764.0	71444.0	97607.0	38550.0	114069.0	159131.0	97579.0	19643.0	48167.0	511081.0
gRNA_14728	controlsgRNA	28118.0	14867.0	23989.0	470.0	26880.0	26583.0	3695.0	2245.0	6620.0	12281.0	6325.0	29257.0	8644.0	26672.0	2752.0	14059.0	8878.0	12394.0	18877.0	6182.0	1024.0	1408.0	9167.0
gRNA_14729	controlsgRNA	50474.0	48204.0	54342.0	1717.0	91674.0	148123.0	16687.0	16272.0	23040.0	14100.0	49339.0	76844.0	16682.0	50469.0	21412.0	42644.0	26122.0	72312.0	55346.0	8785.0	7823.0	7792.0	5114.0
gRNA_14730	controlsgRNA	26426.0	31797.0	35688.0	559.0	51063.0	67870.0	6941.0	3969.0	10331.0	19538.0	22116.0	32432.0	15232.0	57124.0	6646.0	18142.0	8605.0	15239.0	16292.0	10706.0	37879.0	8571.0	7446.0
gRNA_14731	controlsgRNA	16445.0	19596.0	19036.0	178.0	11737.0	33188.0	3423.0	1264.0	12632.0	19720.0	26918.0	31429.0	8442.0	17356.0	13814.0	38764.0	10045.0	19418.0	49028.0	2831.0	18448.0	9747.0	3740.0
gRNA_14732	controlsgRNA	40360.0	43515.0	54674.0	1024.0	100032.0	143645.0	12418.0	7792.0	21294.0	18947.0	46355.0	54234.0	14148.0	79997.0	51126.0	41544.0	17506.0	25756.0	36007.0	92857.0	7196.0	3281.0	53002.0
gRNA_14733	controlsgRNA	29275.0	36168.0	39839.0	764.0	68944.0	84208.0	10290.0	6134.0	17861.0	20798.0	23212.0	46768.0	15482.0	39323.0	9774.0	13914.0	16978.0	34805.0	63792.0	218502.0	2776.0	7751.0	45702.0
gRNA_14734	controlsgRNA	33020.0	38360.0	49865.0	432.0	51959.0	84716.0	5399.0	2752.0	16785.0	17867.0	22762.0	36984.0	12384.0	48463.0	31074.0	22074.0	11372.0	35961.0	52818.0	8954.0	10825.0	15031.0	39982.0
gRNA_14735	controlsgRNA	20462.0	17205.0	23476.0	336.0	18347.0	40356.0	4023.0	2436.0	5253.0	7943.0	14089.0	22642.0	7588.0	20172.0	11890.0	1649.0	6217.0	7664.0	8343.0	126.0	584.0	4156.0	13752.0
gRNA_14736	controlsgRNA	45196.0	38993.0	41292.0	1322.0	67943.0	112038.0	17840.0	9896.0	17608.0	21176.0	65646.0	64103.0	27004.0	52879.0	23098.0	59078.0	17208.0	56186.0	88309.0	11083.0	8090.0	14426.0	42501.0
gRNA_14737	controlsgRNA	24816.0	28401.0	28327.0	276.0	47680.0	53373.0	6860.0	1931.0	18965.0	12465.0	33604.0	42357.0	9632.0	27611.0	17793.0	21021.0	5670.0	21618.0	19235.0	6241.0	52114.0	16008.0	110125.0
gRNA_14738	controlsgRNA	22454.0	20533.0	23709.0	176.0	14695.0	40760.0	2914.0	895.0	6718.0	16362.0	19655.0	20278.0	6344.0	14385.0	12141.0	19057.0	1462.0	18331.0	73162.0	14811.0	21.0	13814.0	3239.0
gRNA_14739	controlsgRNA	69207.0	45070.0	49191.0	1532.0	119843.0	149997.0	17366.0	12526.0	15230.0	16666.0	49726.0	72771.0	13530.0	49198.0	21576.0	26588.0	22106.0	35366.0	33402.0	70118.0	19203.0	10540.0	24484.0
gRNA_14740	controlsgRNA	1736.0	1701.0	3522.0	11.0	3967.0	2320.0	324.0	85.0	213.0	11.0	339.0	1401.0	289.0	639.0	0.0	1.0	0.0	1.0	35.0	0.0	1.0	0.0	115.0
gRNA_14741	controlsgRNA	40825.0	25096.0	16956.0	343.0	29630.0	38039.0	3799.0	2328.0	6177.0	23956.0	31811.0	27550.0	9625.0	60230.0	9156.0	11179.0	9965.0	17802.0	2296.0	4213.0	2768.0	3522.0	3969.0
gRNA_14742	controlsgRNA	24452.0	25359.0	28399.0	452.0	53793.0	86778.0	7267.0	3701.0	10083.0	17762.0	17190.0	32602.0	4805.0	24855.0	3995.0	2370.0	4063.0	15920.0	3913.0	1277.0	1546.0	6515.0	7818.0
gRNA_14743	controlsgRNA	29536.0	21922.0	24849.0	204.0	19197.0	47780.0	2795.0	1282.0	8204.0	8820.0	14312.0	32760.0	8301.0	18081.0	12367.0	16333.0	8752.0	15349.0	15669.0	2410.0	44562.0	4602.0	7327.0
gRNA_14744	controlsgRNA	23596.0	25669.0	30402.0	509.0	30166.0	49222.0	5828.0	3390.0	10252.0	22060.0	15444.0	36450.0	9629.0	23631.0	23133.0	13921.0	13034.0	55513.0	4005.0	2389.0	4706.0	6304.0	3142.0
gRNA_14745	controlsgRNA	28007.0	18947.0	25032.0	705.0	36050.0	65947.0	6316.0	5107.0	6953.0	6315.0	16837.0	32604.0	7108.0	40689.0	10711.0	8502.0	12717.0	11419.0	19257.0	2284.0	6752.0	1668.0	1522.0
gRNA_14746	controlsgRNA	52338.0	65240.0	57553.0	1567.0	88962.0	161112.0	13941.0	10508.0	30376.0	21136.0	20189.0	76464.0	21483.0	101218.0	7476.0	33361.0	15233.0	53101.0	69545.0	77979.0	13004.0	8668.0	21554.0
gRNA_14747	controlsgRNA	40729.0	34763.0	38072.0	446.0	47922.0	100947.0	10894.0	4943.0	9996.0	21400.0	15691.0	33472.0	6744.0	23647.0	8974.0	20106.0	11305.0	16351.0	38525.0	769.0	3891.0	10998.0	9613.0
gRNA_14748	controlsgRNA	43947.0	29878.0	25297.0	872.0	60203.0	104335.0	8573.0	9204.0	15518.0	14401.0	30705.0	39238.0	15426.0	64865.0	6210.0	37382.0	11228.0	25160.0	12522.0	43886.0	66580.0	8360.0	10744.0
gRNA_14749	controlsgRNA	19912.0	24821.0	24452.0	271.0	31162.0	45309.0	3133.0	1370.0	11191.0	23535.0	39280.0	33956.0	12702.0	31006.0	9017.0	20213.0	16182.0	49401.0	7860.0	45187.0	29032.0	960.0	9454.0
gRNA_14750	controlsgRNA	39612.0	38405.0	44069.0	554.0	59446.0	70667.0	6545.0	4128.0	16549.0	21072.0	36644.0	40698.0	18486.0	42479.0	41032.0	33437.0	17408.0	28323.0	51192.0	7082.0	9895.0	9187.0	59780.0
gRNA_14751	controlsgRNA	33885.0	34500.0	37923.0	863.0	61805.0	90427.0	7727.0	5311.0	17898.0	26724.0	33076.0	45969.0	11542.0	29188.0	6160.0	18961.0	9937.0	39515.0	107727.0	12798.0	1361.0	9803.0	9068.0
gRNA_14752	controlsgRNA	27091.0	26227.0	38368.0	397.0	49496.0	62775.0	5751.0	2077.0	18007.0	24467.0	25382.0	42617.0	8530.0	43039.0	3322.0	39886.0	13057.0	38350.0	35105.0	1740.0	38404.0	2180.0	6437.0
gRNA_14753	controlsgRNA	31544.0	24862.0	19914.0	419.0	37388.0	54333.0	5836.0	3171.0	6369.0	12388.0	10469.0	19838.0	11114.0	20498.0	15057.0	5801.0	8895.0	22209.0	4962.0	1354.0	1063.0	5058.0	2728.0
gRNA_14754	controlsgRNA	14324.0	17241.0	15596.0	187.0	33631.0	35107.0	4160.0	1805.0	8236.0	10108.0	13278.0	19089.0	3861.0	21338.0	13113.0	3429.0	4493.0	8163.0	10800.0	2585.0	3311.0	3029.0	4899.0
gRNA_14755	controlsgRNA	18512.0	26978.0	18907.0	133.0	24349.0	37690.0	3752.0	1126.0	10035.0	5153.0	16226.0	32088.0	5590.0	20081.0	2171.0	8437.0	3587.0	13411.0	5702.0	4968.0	14334.0	4281.0	9180.0
gRNA_14756	controlsgRNA	26913.0	30331.0	29970.0	561.0	46613.0	98774.0	7065.0	2941.0	13052.0	6488.0	25545.0	52931.0	9140.0	37391.0	8156.0	14170.0	21962.0	33054.0	37265.0	5084.0	98562.0	19072.0	7735.0
gRNA_14757	controlsgRNA	20340.0	16114.0	14152.0	143.0	21816.0	37610.0	2656.0	1311.0	5464.0	6257.0	9669.0	40858.0	6207.0	15167.0	2984.0	7339.0	5816.0	10656.0	14720.0	11.0	2851.0	584.0	892.0
gRNA_14758	controlsgRNA	45003.0	28985.0	38528.0	710.0	61760.0	106347.0	8114.0	8046.0	12812.0	14613.0	50288.0	32371.0	5572.0	19309.0	22667.0	22898.0	8772.0	40051.0	53307.0	10293.0	12314.0	9564.0	6711.0
gRNA_14759	controlsgRNA	18509.0	16587.0	13368.0	279.0	18065.0	50229.0	2310.0	805.0	8483.0	8565.0	23017.0	25651.0	28245.0	11766.0	32299.0	13514.0	3770.0	36734.0	7414.0	2956.0	2018.0	7736.0	764.0
gRNA_14760	controlsgRNA	20562.0	15762.0	23523.0	272.0	12401.0	34141.0	3096.0	1119.0	3498.0	9783.0	18596.0	25903.0	5382.0	11069.0	2403.0	4389.0	11618.0	5423.0	26557.0	3951.0	146.0	7775.0	1118.0
gRNA_14761	controlsgRNA	36218.0	23957.0	26188.0	398.0	54735.0	51126.0	6989.0	4755.0	11393.0	26960.0	25742.0	29695.0	9177.0	24365.0	14666.0	62726.0	7978.0	14987.0	50065.0	64.0	17117.0	10222.0	2247.0
gRNA_14762	controlsgRNA	36359.0	36610.0	40091.0	389.0	39686.0	84407.0	6328.0	2345.0	14456.0	21897.0	36488.0	45183.0	13853.0	31908.0	28082.0	12072.0	8803.0	37021.0	30148.0	60227.0	55990.0	11474.0	9621.0
gRNA_14763	controlsgRNA	25033.0	22698.0	31412.0	329.0	42856.0	55689.0	6147.0	2541.0	13123.0	27767.0	17201.0	45351.0	17723.0	40891.0	22604.0	30634.0	8212.0	31162.0	31139.0	4261.0	2300.0	3214.0	6863.0
gRNA_14764	controlsgRNA	35383.0	36531.0	37693.0	447.0	57222.0	100966.0	5757.0	3970.0	11810.0	26075.0	24439.0	52021.0	14933.0	28291.0	14346.0	15447.0	10224.0	66680.0	44990.0	2829.0	52267.0	11498.0	38470.0
gRNA_14765	controlsgRNA	32921.0	35927.0	48909.0	1067.0	62092.0	70273.0	7358.0	4440.0	15781.0	28007.0	31585.0	44989.0	14607.0	26324.0	27696.0	31103.0	16273.0	70125.0	49298.0	24003.0	15547.0	5349.0	33533.0
gRNA_14766	controlsgRNA	22091.0	21269.0	32694.0	707.0	47869.0	56828.0	6495.0	6799.0	11269.0	9348.0	28356.0	34344.0	9371.0	15359.0	10649.0	7062.0	10168.0	43510.0	143582.0	309.0	447.0	4839.0	6583.0
gRNA_14767	controlsgRNA	29079.0	19323.0	17298.0	98.0	19921.0	36269.0	2459.0	957.0	6668.0	19721.0	20891.0	24015.0	8046.0	13621.0	8241.0	10678.0	2584.0	10234.0	13422.0	3208.0	8396.0	2517.0	2990.0
gRNA_14768	controlsgRNA	50702.0	49455.0	43182.0	815.0	59030.0	106723.0	12857.0	6740.0	14327.0	24117.0	35466.0	55465.0	15147.0	32856.0	6584.0	31126.0	15466.0	48652.0	33730.0	74660.0	1326.0	12142.0	8108.0
gRNA_14769	controlsgRNA	23061.0	13269.0	20068.0	496.0	33980.0	48274.0	5587.0	2535.0	3816.0	11579.0	19919.0	22289.0	2454.0	10726.0	4054.0	16756.0	6507.0	19653.0	3975.0	46251.0	2465.0	11636.0	2668.0
gRNA_14770	controlsgRNA	53758.0	52127.0	50644.0	950.0	87669.0	128985.0	10618.0	6690.0	25443.0	35517.0	26794.0	57965.0	17536.0	48896.0	25683.0	41790.0	27866.0	57585.0	69069.0	6011.0	11186.0	6182.0	31053.0
gRNA_14771	controlsgRNA	8970.0	16256.0	20736.0	46.0	7113.0	14550.0	892.0	153.0	7981.0	2285.0	10422.0	17151.0	7515.0	9522.0	2066.0	20682.0	3325.0	5267.0	17641.0	108311.0	1562.0	3805.0	18059.0
gRNA_14772	controlsgRNA	28678.0	29384.0	33666.0	322.0	39101.0	45286.0	5048.0	2577.0	19119.0	16181.0	33318.0	47030.0	14446.0	48908.0	17788.0	58106.0	15084.0	22028.0	12178.0	2006.0	958.0	8361.0	2528.0
gRNA_14773	controlsgRNA	26027.0	23660.0	25575.0	320.0	34858.0	57787.0	3488.0	2108.0	16178.0	11972.0	17065.0	31839.0	12132.0	18180.0	26960.0	1165.0	5844.0	55071.0	11914.0	3520.0	440.0	8556.0	2930.0
gRNA_14774	controlsgRNA	31821.0	28392.0	31147.0	1235.0	66899.0	64453.0	7077.0	5815.0	7293.0	11147.0	12568.0	32838.0	3632.0	19717.0	21444.0	21800.0	10512.0	24233.0	12119.0	109560.0	1054.0	6609.0	5048.0
gRNA_14775	controlsgRNA	25610.0	14207.0	21167.0	106.0	19749.0	46359.0	2566.0	829.0	7301.0	11970.0	13400.0	15873.0	3490.0	14745.0	25555.0	4834.0	2322.0	4328.0	7806.0	739.0	3556.0	3754.0	2984.0
gRNA_14776	controlsgRNA	24345.0	38184.0	41442.0	524.0	43498.0	122111.0	8569.0	5127.0	17573.0	22777.0	43285.0	48936.0	13455.0	30245.0	15858.0	41442.0	21664.0	30646.0	33880.0	1193.0	78340.0	1995.0	100423.0
gRNA_14777	controlsgRNA	38128.0	32028.0	27233.0	750.0	37541.0	85293.0	7358.0	4975.0	17071.0	25908.0	31943.0	41895.0	8523.0	26900.0	22806.0	21951.0	10456.0	28256.0	135948.0	2034.0	30958.0	24694.0	19718.0
gRNA_14778	controlsgRNA	41881.0	20592.0	34770.0	236.0	21845.0	43136.0	4923.0	1766.0	9682.0	5641.0	23519.0	26846.0	3276.0	14366.0	6735.0	19761.0	9023.0	11999.0	14588.0	44302.0	25029.0	12519.0	11598.0
gRNA_14779	controlsgRNA	37264.0	27701.0	32145.0	1332.0	72251.0	82648.0	12078.0	8099.0	9198.0	21088.0	11830.0	39212.0	13234.0	22528.0	6116.0	21542.0	11193.0	39168.0	11303.0	1603.0	4331.0	8442.0	75930.0
gRNA_14780	controlsgRNA	57739.0	32604.0	30596.0	661.0	52109.0	71917.0	9158.0	4263.0	18453.0	14335.0	28163.0	39403.0	8413.0	42104.0	11664.0	28609.0	10935.0	27739.0	66103.0	257039.0	4855.0	6451.0	12137.0
gRNA_14781	controlsgRNA	679.0	817.0	1509.0	9.0	1574.0	1528.0	393.0	195.0	12.0	0.0	0.0	711.0	1.0	8.0	0.0	0.0	0.0	5.0	0.0	0.0	0.0	152.0	296.0
gRNA_14782	controlsgRNA	41996.0	25543.0	26928.0	562.0	49105.0	59511.0	6016.0	4045.0	10526.0	7875.0	18435.0	24906.0	21287.0	30536.0	4935.0	48898.0	3466.0	11287.0	14887.0	2228.0	271.0	15899.0	16490.0
gRNA_14783	controlsgRNA	44874.0	40994.0	37816.0	1257.0	92789.0	86209.0	9834.0	9452.0	12774.0	18970.0	16522.0	22214.0	6975.0	40444.0	10006.0	12587.0	10954.0	29145.0	31660.0	47526.0	1622.0	7106.0	7659.0
gRNA_14784	controlsgRNA	33817.0	24490.0	35636.0	524.0	47699.0	88840.0	6848.0	3856.0	14845.0	16638.0	12821.0	42208.0	12223.0	70175.0	18908.0	6609.0	10779.0	28027.0	18542.0	4384.0	5553.0	14552.0	6409.0
gRNA_14785	controlsgRNA	27143.0	36434.0	49792.0	631.0	61359.0	109023.0	7613.0	4181.0	17625.0	28774.0	57206.0	114147.0	11399.0	71079.0	5761.0	18925.0	51591.0	51947.0	21521.0	3969.0	21698.0	21863.0	77908.0
gRNA_14786	controlsgRNA	15177.0	8988.0	12497.0	264.0	13484.0	33059.0	2546.0	1829.0	2291.0	2682.0	2827.0	6533.0	1715.0	17082.0	3129.0	12812.0	7103.0	4167.0	4067.0	6.0	59682.0	1736.0	1211.0
gRNA_14787	controlsgRNA	30065.0	21345.0	24039.0	499.0	56295.0	41637.0	5511.0	4025.0	4467.0	9677.0	16965.0	25570.0	3471.0	24780.0	12709.0	32080.0	6562.0	11863.0	17273.0	92014.0	15303.0	5215.0	30762.0
gRNA_14788	controlsgRNA	34654.0	27122.0	33350.0	397.0	37689.0	60677.0	4040.0	3987.0	10036.0	10309.0	44520.0	37388.0	5504.0	13871.0	3927.0	7635.0	15849.0	31688.0	8941.0	519.0	1467.0	11192.0	1646.0
gRNA_14789	controlsgRNA	21474.0	24241.0	25203.0	226.0	19521.0	56682.0	3699.0	1159.0	12937.0	13951.0	16264.0	34843.0	7752.0	21456.0	8446.0	17090.0	15477.0	48130.0	12914.0	14793.0	46503.0	4472.0	3082.0
gRNA_14790	controlsgRNA	29104.0	15851.0	19095.0	236.0	27841.0	42667.0	2941.0	1535.0	7905.0	16559.0	12197.0	23210.0	7608.0	43716.0	9907.0	4389.0	5521.0	12911.0	11485.0	5991.0	1865.0	2398.0	5254.0
gRNA_14791	controlsgRNA	43899.0	33165.0	41628.0	685.0	61024.0	112707.0	7080.0	4713.0	10513.0	22545.0	44714.0	37517.0	12658.0	20782.0	18785.0	46585.0	9459.0	38168.0	12921.0	1059.0	94839.0	6438.0	6907.0
gRNA_14792	controlsgRNA	42966.0	36733.0	36980.0	543.0	42519.0	73427.0	8747.0	3936.0	15517.0	13584.0	27138.0	44153.0	7890.0	55283.0	17810.0	17118.0	24735.0	60157.0	10933.0	5501.0	10.0	7991.0	4994.0
gRNA_14793	controlsgRNA	30654.0	30930.0	30752.0	432.0	34669.0	92933.0	6548.0	2395.0	24195.0	19202.0	32618.0	75812.0	17123.0	36641.0	7262.0	22087.0	26546.0	64324.0	127461.0	3526.0	3042.0	14711.0	90750.0
gRNA_14794	controlsgRNA	23416.0	27521.0	27581.0	425.0	45493.0	44037.0	5899.0	3800.0	6988.0	8520.0	17760.0	23866.0	5531.0	22724.0	4677.0	13211.0	5524.0	23887.0	5982.0	9.0	3538.0	35688.0	2870.0
gRNA_14795	controlsgRNA	31970.0	32998.0	33912.0	449.0	42973.0	71450.0	6997.0	2875.0	12810.0	11991.0	20373.0	29962.0	10732.0	40380.0	11368.0	51694.0	14092.0	63835.0	80435.0	2376110.0	22121.0	3458.0	51953.0
gRNA_14796	controlsgRNA	27130.0	23565.0	22606.0	305.0	30773.0	44167.0	3251.0	2958.0	9301.0	8021.0	8908.0	33173.0	3525.0	17145.0	6818.0	9687.0	8174.0	18867.0	31569.0	15.0	6988.0	3023.0	3322.0
gRNA_14797	controlsgRNA	32364.0	28708.0	30812.0	383.0	37245.0	57422.0	6071.0	3276.0	12830.0	11737.0	20960.0	35539.0	4618.0	28820.0	16060.0	33506.0	14902.0	20578.0	15027.0	7231.0	873473.0	6000.0	6089.0
gRNA_14798	controlsgRNA	18944.0	19573.0	27175.0	413.0	35806.0	68419.0	5518.0	4739.0	10525.0	5246.0	9950.0	22935.0	6206.0	25776.0	4018.0	9189.0	7907.0	13914.0	16956.0	49901.0	4.0	4692.0	2902.0
gRNA_14799	controlsgRNA	24102.0	14340.0	21834.0	269.0	37300.0	35635.0	2382.0	1538.0	5711.0	12911.0	9028.0	21813.0	4456.0	25989.0	3228.0	34271.0	6057.0	18590.0	4249.0	3330.0	294.0	1435.0	11206.0
gRNA_14800	controlsgRNA	30128.0	39574.0	40339.0	1171.0	44213.0	62857.0	5678.0	5429.0	15439.0	18333.0	23596.0	38492.0	10893.0	46742.0	1538.0	28512.0	11760.0	53024.0	76176.0	2333.0	645.0	4504.0	3736.0
gRNA_14801	controlsgRNA	37256.0	29421.0	36018.0	568.0	68023.0	81112.0	6371.0	4759.0	12896.0	21796.0	22892.0	46869.0	10469.0	34213.0	29623.0	14881.0	9901.0	23958.0	35834.0	9762.0	50826.0	10860.0	12770.0
gRNA_14802	controlsgRNA	31354.0	36144.0	43801.0	931.0	73160.0	105240.0	8402.0	6856.0	13831.0	26741.0	45310.0	44110.0	13844.0	34839.0	32186.0	36543.0	12254.0	25422.0	31157.0	532.0	17170.0	2648.0	43523.0
gRNA_14803	controlsgRNA	37077.0	34916.0	37686.0	723.0	54201.0	79608.0	7107.0	4039.0	15812.0	29064.0	23924.0	54640.0	15254.0	32934.0	14720.0	20607.0	7538.0	27272.0	12912.0	3699.0	12059.0	20675.0	99841.0
gRNA_14804	controlsgRNA	31447.0	34259.0	25895.0	346.0	47761.0	71487.0	6268.0	2962.0	12777.0	7370.0	9303.0	32775.0	3242.0	45737.0	10641.0	29065.0	13220.0	22163.0	33536.0	41523.0	2373.0	7567.0	20652.0
gRNA_14805	controlsgRNA	23044.0	28845.0	29678.0	427.0	50879.0	76925.0	7287.0	3523.0	29224.0	17399.0	30154.0	50299.0	15390.0	31049.0	9676.0	91926.0	18904.0	70221.0	6851.0	25594.0	318.0	4988.0	31272.0
gRNA_14806	controlsgRNA	12616.0	15992.0	16988.0	155.0	26069.0	32288.0	2488.0	982.0	6434.0	10585.0	19638.0	27602.0	8530.0	22309.0	5153.0	32609.0	8353.0	24424.0	4510.0	25673.0	18407.0	2418.0	2681.0
gRNA_14807	controlsgRNA	37411.0	39860.0	52005.0	873.0	73317.0	131508.0	14022.0	8497.0	19779.0	15479.0	12273.0	55621.0	15172.0	44909.0	17775.0	22064.0	22883.0	46690.0	39269.0	33063.0	8307.0	16782.0	76499.0
gRNA_14808	controlsgRNA	49494.0	61769.0	65572.0	1450.0	123236.0	181002.0	13669.0	10722.0	29700.0	55438.0	29420.0	77851.0	17603.0	65035.0	28913.0	32882.0	19742.0	54886.0	41991.0	19548.0	12441.0	28777.0	70498.0
gRNA_14809	controlsgRNA	18850.0	15910.0	17849.0	158.0	15000.0	29552.0	2705.0	2414.0	5995.0	7169.0	6726.0	20278.0	2941.0	4408.0	21576.0	15657.0	2154.0	11677.0	1628.0	1422.0	2374.0	497.0	40321.0
gRNA_14810	controlsgRNA	41823.0	36711.0	34880.0	263.0	43361.0	69640.0	6299.0	2088.0	19444.0	25683.0	31446.0	34495.0	19855.0	33054.0	12671.0	25142.0	12925.0	35809.0	22256.0	726.0	103056.0	3223.0	14631.0
gRNA_14811	controlsgRNA	42200.0	35839.0	34640.0	864.0	86370.0	88009.0	9122.0	8674.0	14352.0	15392.0	24319.0	31927.0	10359.0	41011.0	5350.0	38424.0	18531.0	18688.0	8785.0	8739.0	34147.0	3124.0	3449.0
gRNA_14812	controlsgRNA	26606.0	26349.0	22487.0	738.0	73431.0	89115.0	8819.0	7092.0	10268.0	6558.0	1072.0	37342.0	4642.0	21455.0	34029.0	4647.0	6517.0	8938.0	8579.0	2632.0	2.0	10743.0	19931.0
gRNA_14813	controlsgRNA	22508.0	18829.0	17773.0	166.0	26717.0	64954.0	3930.0	1217.0	11719.0	16282.0	16796.0	25838.0	5142.0	24259.0	4727.0	7242.0	5421.0	15954.0	16280.0	21.0	43134.0	5334.0	12433.0
gRNA_14814	controlsgRNA	20357.0	14592.0	20847.0	338.0	22720.0	31306.0	6405.0	3030.0	2285.0	8320.0	5881.0	14797.0	2102.0	6040.0	14503.0	4590.0	3174.0	10003.0	3341.0	97.0	2861.0	7204.0	43218.0
gRNA_14815	controlsgRNA	24115.0	38009.0	31245.0	275.0	43633.0	51480.0	6117.0	1776.0	13119.0	11532.0	15654.0	24772.0	7740.0	22132.0	5295.0	11007.0	11259.0	28370.0	119125.0	2340.0	1424.0	9007.0	4881.0
gRNA_14816	controlsgRNA	42337.0	44623.0	45589.0	1094.0	64801.0	89319.0	11290.0	8265.0	18968.0	13470.0	30736.0	55838.0	11391.0	32548.0	14713.0	15397.0	18638.0	30631.0	37054.0	35660.0	24085.0	23470.0	28004.0
gRNA_14817	controlsgRNA	12348.0	7534.0	9718.0	84.0	11240.0	25609.0	1033.0	438.0	2539.0	2717.0	7888.0	11336.0	1942.0	10249.0	3433.0	3627.0	2215.0	11611.0	23061.0	3088.0	1641.0	842.0	942.0
gRNA_14818	controlsgRNA	27258.0	33458.0	36671.0	359.0	47691.0	80283.0	6384.0	2450.0	8056.0	8983.0	42951.0	38078.0	9598.0	28833.0	2945.0	48202.0	6380.0	13965.0	41104.0	4808.0	28146.0	4752.0	7404.0
gRNA_14819	controlsgRNA	34470.0	33454.0	42763.0	534.0	61191.0	75618.0	9134.0	4046.0	13780.0	23511.0	20886.0	57978.0	6296.0	51113.0	7681.0	28620.0	14351.0	16563.0	41477.0	2891.0	8370.0	25921.0	7413.0
gRNA_14820	controlsgRNA	30517.0	29739.0	27000.0	634.0	40741.0	59810.0	6627.0	4145.0	13754.0	8945.0	19815.0	33196.0	10180.0	21020.0	5860.0	30596.0	9151.0	10288.0	26943.0	31.0	12504.0	10519.0	276.0
gRNA_14821	controlsgRNA	22904.0	28373.0	34606.0	283.0	31690.0	71905.0	5502.0	1869.0	13499.0	13332.0	13268.0	32129.0	8246.0	39607.0	17016.0	11356.0	8471.0	21138.0	15777.0	14233.0	1101.0	2874.0	4894.0
gRNA_14822	controlsgRNA	17668.0	23947.0	24759.0	243.0	22171.0	47952.0	3984.0	1892.0	6047.0	6760.0	15428.0	27667.0	10696.0	13309.0	12246.0	30430.0	6221.0	21300.0	4426.0	1098.0	3.0	6352.0	19395.0
gRNA_14823	controlsgRNA	34278.0	27828.0	27925.0	881.0	47634.0	82398.0	7976.0	6911.0	17119.0	23547.0	27893.0	36132.0	8280.0	29062.0	48554.0	20921.0	14649.0	82187.0	34046.0	3998.0	81387.0	778.0	89761.0
gRNA_14824	controlsgRNA	18507.0	15351.0	21600.0	342.0	46881.0	44398.0	5437.0	3525.0	5369.0	19523.0	11887.0	21340.0	2507.0	11932.0	1879.0	50439.0	9697.0	19969.0	17944.0	4105.0	119.0	18832.0	36770.0
gRNA_14825	controlsgRNA	32950.0	27811.0	40473.0	306.0	45919.0	51685.0	5969.0	2193.0	12145.0	18790.0	15393.0	56198.0	8209.0	41237.0	13590.0	31477.0	16383.0	37644.0	30550.0	11540.0	15104.0	17471.0	8372.0
gRNA_14826	controlsgRNA	33106.0	39392.0	44670.0	283.0	46003.0	67593.0	4953.0	1739.0	14708.0	23739.0	43737.0	55624.0	26558.0	23599.0	19895.0	21148.0	17880.0	53440.0	4452.0	6906.0	37320.0	10276.0	5232.0
gRNA_14827	controlsgRNA	40812.0	32459.0	33964.0	778.0	58397.0	104927.0	10978.0	7492.0	10305.0	31226.0	29611.0	43743.0	11322.0	26281.0	11580.0	16045.0	8581.0	26124.0	8202.0	96772.0	4130.0	51554.0	8053.0
gRNA_14828	controlsgRNA	22762.0	14317.0	18811.0	154.0	10575.0	36296.0	2621.0	1074.0	11144.0	6620.0	22811.0	17418.0	4099.0	18055.0	4307.0	14354.0	4347.0	15115.0	454314.0	8639.0	282.0	2774.0	22033.0
gRNA_14829	controlsgRNA	44664.0	42147.0	34378.0	1170.0	100378.0	108412.0	14216.0	9562.0	16379.0	14040.0	33766.0	38191.0	19828.0	24578.0	10270.0	26962.0	9405.0	43057.0	28828.0	4188.0	1707.0	6757.0	25495.0
gRNA_14830	controlsgRNA	51283.0	40323.0	44701.0	896.0	71508.0	131940.0	7982.0	6604.0	11675.0	24642.0	8324.0	45695.0	11305.0	20444.0	24177.0	14967.0	12461.0	33888.0	16762.0	29.0	1790.0	5218.0	5139.0
gRNA_14831	controlsgRNA	29168.0	27303.0	30533.0	291.0	35939.0	80548.0	3714.0	2996.0	12728.0	9788.0	9903.0	21963.0	6282.0	25784.0	15393.0	12015.0	10634.0	19281.0	11809.0	5650.0	22973.0	5000.0	4047.0
gRNA_14832	controlsgRNA	51625.0	50847.0	46626.0	1031.0	102805.0	126612.0	14962.0	7781.0	16815.0	16172.0	27779.0	52886.0	15474.0	61952.0	38543.0	55546.0	17269.0	54649.0	74329.0	1559.0	231208.0	9220.0	14513.0
gRNA_14833	controlsgRNA	38285.0	37569.0	36275.0	570.0	55678.0	92036.0	8298.0	4603.0	16721.0	27368.0	23721.0	69076.0	11830.0	25972.0	32314.0	14364.0	6802.0	37102.0	18201.0	26116.0	3322.0	8344.0	13320.0
gRNA_14834	controlsgRNA	38524.0	28941.0	28251.0	361.0	42096.0	75456.0	6704.0	2762.0	14125.0	12806.0	24597.0	30387.0	11031.0	12694.0	15199.0	27125.0	9889.0	31204.0	32181.0	2750.0	756.0	10634.0	10292.0
